#X		Y		Free		Pro
2.648750	2.648750	7.722214	0.000000
2.648750	2.746250	6.702445	0.000000
2.648750	2.843750	6.349383	0.000000
2.648750	2.941250	6.207314	0.000000
2.648750	3.038750	6.296899	0.000000
2.648750	3.136250	6.509838	0.000000
2.648750	3.233750	6.675569	0.000000
2.648750	3.331250	6.932611	0.000000
2.648750	3.428750	7.214514	0.000000
2.648750	3.526250	7.637030	0.000000
2.648750	3.623750	7.951150	0.000000
2.648750	3.721250	8.130979	0.000000
2.648750	3.818750	7.898679	0.000000
2.648750	3.916250	8.073177	0.000000
2.648750	4.013750	7.646263	0.000000
2.648750	4.111250	7.098847	0.000000
2.648750	4.208750	6.974701	0.000000
2.648750	4.306250	6.852798	0.000000
2.648750	4.403750	6.632047	0.000000
2.648750	4.501250	6.849901	0.000000
2.648750	4.598750	7.380561	0.000000
2.648750	4.696250	7.315323	0.000000
2.648750	4.793750	7.643067	0.000000
2.648750	4.891250	7.552360	0.000000
2.648750	4.988750	7.208303	0.000000
2.648750	5.086250	6.981586	0.000000
2.648750	5.183750	6.734793	0.000000
2.648750	5.281250	6.519932	0.000000
2.648750	5.378750	6.389726	0.000000
2.648750	5.476250	6.547708	0.000000
2.648750	5.573750	6.566887	0.000000
2.648750	5.671250	6.649034	0.000000
2.648750	5.768750	6.984135	0.000000
2.648750	5.866250	7.086218	0.000000
2.648750	5.963750	7.074722	0.000000
2.648750	6.061250	7.180804	0.000000
2.648750	6.158750	7.561377	0.000000
2.648750	6.256250	7.646083	0.000000
2.648750	6.353750	7.837768	0.000000
2.648750	6.451250	8.162798	0.000000

2.746250	2.648750	5.200027	0.000003
2.746250	2.746250	4.176259	0.000015
2.746250	2.843750	3.801890	0.000027
2.746250	2.941250	3.696054	0.000032
2.746250	3.038750	3.797269	0.000027
2.746250	3.136250	3.973211	0.000020
2.746250	3.233750	4.268219	0.000012
2.746250	3.331250	4.586771	0.000007
2.746250	3.428750	4.726914	0.000006
2.746250	3.526250	5.246912	0.000002
2.746250	3.623750	5.607266	0.000001
2.746250	3.721250	5.542973	0.000001
2.746250	3.818750	5.700225	0.000001
2.746250	3.916250	5.574522	0.000001
2.746250	4.013750	5.234809	0.000002
2.746250	4.111250	4.771733	0.000005
2.746250	4.208750	4.605355	0.000007
2.746250	4.306250	4.823272	0.000005
2.746250	4.403750	4.601590	0.000007
2.746250	4.501250	4.570018	0.000008
2.746250	4.598750	4.755748	0.000005
2.746250	4.696250	5.128361	0.000003
2.746250	4.793750	5.286681	0.000002
2.746250	4.891250	5.260745	0.000002
2.746250	4.988750	4.998150	0.000004
2.746250	5.086250	4.764976	0.000005
2.746250	5.183750	4.614974	0.000007
2.746250	5.281250	4.445482	0.000009
2.746250	5.378750	4.218726	0.000014
2.746250	5.476250	4.193032	0.000014
2.746250	5.573750	4.160382	0.000015
2.746250	5.671250	4.183698	0.000014
2.746250	5.768750	4.417424	0.000010
2.746250	5.866250	4.543837	0.000008
2.746250	5.963750	4.679276	0.000006
2.746250	6.061250	4.801911	0.000005
2.746250	6.158750	5.093065	0.000003
2.746250	6.256250	5.397594	0.000002
2.746250	6.353750	5.551528	0.000001
2.746250	6.451250	5.812033	0.000001

2.843750	2.648750	3.747439	0.000030
2.843750	2.746250	2.854511	0.000133
2.843750	2.843750	2.541976	0.000225
2.843750	2.941250	2.493162	0.000244
2.843750	3.038750	2.599249	0.000205
2.843750	3.136250	2.800033	0.000146
2.843750	3.233750	3.070716	0.000093
2.843750	3.331250	3.504441	0.000045
2.843750	3.428750	3.461607	0.000048
2.843750	3.526250	3.988651	0.000020
2.843750	3.623750	4.271825	0.000012
2.843750	3.721250	4.422424	0.000010
2.843750	3.818750	4.940716	0.000004
2.843750	3.916250	4.735771	0.000006
2.843750	4.013750	4.291626	0.000012
2.843750	4.111250	3.959866	0.000021
2.843750	4.208750	3.785773	0.000028
2.843750	4.306250	4.058827	0.000018
2.843750	4.403750	3.883325	0.000024
2.843750	4.501250	3.707844	0.000032
2.843750	4.598750	3.921764	0.000022
2.843750	4.696250	3.979949	0.000020
2.843750	4.793750	4.225906	0.000013
2.843750	4.891250	4.209336	0.000014
2.843750	4.988750	4.157278	0.000015
2.843750	5.086250	3.990675	0.000020
2.843750	5.183750	3.761148	0.000029
2.843750	5.281250	3.469063	0.000048
2.843750	5.378750	3.197631	0.000075
2.843750	5.476250	2.921166	0.000119
2.843750	5.573750	2.933647	0.000117
2.843750	5.671250	2.864634	0.000131
2.843750	5.768750	3.003765	0.000104
2.843750	5.866250	3.183562	0.000077
2.843750	5.963750	3.393537	0.000054
2.843750	6.061250	3.591376	0.000039
2.843750	6.158750	3.771481	0.000029
2.843750	6.256250	3.975170	0.000020
2.843750	6.353750	4.099782	0.000017
2.843750	6.451250	4.450962	0.000009

2.941250	2.648750	2.928091	0.000118
2.941250	2.746250	2.061706	0.000504
2.941250	2.843750	1.755815	0.000842
2.941250	2.941250	1.715790	0.000900
2.941250	3.038750	1.814052	0.000764
2.941250	3.136250	2.027147	0.000534
2.941250	3.233750	2.391299	0.000290
2.941250	3.331250	2.583768	0.000210
2.941250	3.428750	2.932310	0.000117
2.941250	3.526250	3.379179	0.000055
2.941250	3.623750	3.610560	0.000038
2.941250	3.721250	3.938771	0.000022
2.941250	3.818750	4.154973	0.000015
2.941250	3.916250	4.142501	0.000015
2.941250	4.013750	3.815904	0.000027
2.941250	4.111250	3.463281	0.000048
2.941250	4.208750	3.489863	0.000046
2.941250	4.306250	3.570948	0.000040
2.941250	4.403750	3.535526	0.000043
2.941250	4.501250	3.195487	0.000075
2.941250	4.598750	3.284299	0.000065
2.941250	4.696250	3.541784	0.000042
2.941250	4.793750	3.532815	0.000043
2.941250	4.891250	3.668025	0.000034
2.941250	4.988750	3.429137	0.000051
2.941250	5.086250	3.245079	0.000069
2.941250	5.183750	3.072124	0.000093
2.941250	5.281250	2.895936	0.000124
2.941250	5.378750	2.553710	0.000221
2.941250	5.476250	2.301775	0.000337
2.941250	5.573750	2.235363	0.000377
2.941250	5.671250	2.306609	0.000334
2.941250	5.768750	2.444014	0.000265
2.941250	5.866250	2.657421	0.000186
2.941250	5.963750	2.748133	0.000159
2.941250	6.061250	2.844671	0.000136
2.941250	6.158750	3.124176	0.000085
2.941250	6.256250	3.444706	0.000050
2.941250	6.353750	3.595421	0.000038
2.941250	6.451250	3.774080	0.000029

3.038750	2.648750	2.496824	0.000243
3.038750	2.746250	1.643215	0.001017
3.038750	2.843750	1.340898	0.001689
3.038750	2.941250	1.289204	0.001842
3.038750	3.038750	1.360927	0.001633
3.038750	3.136250	1.545439	0.001198
3.038750	3.233750	1.907863	0.000652
3.038750	3.331250	2.287232	0.000345
3.038750	3.428750	2.648469	0.000188
3.038750	3.526250	2.974719	0.000109
3.038750	3.623750	3.178767	0.000077
3.038750	3.721250	3.485118	0.000046
3.038750	3.818750	3.777261	0.000028
3.038750	3.916250	3.788738	0.000028
3.038750	4.013750	3.471417	0.000047
3.038750	4.111250	3.123843	0.000085
3.038750	4.208750	3.286075	0.000065
3.038750	4.306250	3.375600	0.000056
3.038750	4.403750	3.156821	0.000080
3.038750	4.501250	2.891603	0.000125
3.038750	4.598750	2.891817	0.000125
3.038750	4.696250	3.106140	0.000087
3.038750	4.793750	3.231413	0.000071
3.038750	4.891250	3.278393	0.000065
3.038750	4.988750	3.104581	0.000088
3.038750	5.086250	2.896190	0.000124
3.038750	5.183750	2.683892	0.000178
3.038750	5.281250	2.500542	0.000241
3.038750	5.378750	2.181273	0.000412
3.038750	5.476250	1.961855	0.000596
3.038750	5.573750	1.941929	0.000616
3.038750	5.671250	2.021732	0.000539
3.038750	5.768750	2.187469	0.000408
3.038750	5.866250	2.292402	0.000342
3.038750	5.963750	2.342537	0.000315
3.038750	6.061250	2.296022	0.000340
3.038750	6.158750	2.716482	0.000168
3.038750	6.256250	2.970623	0.000110
3.038750	6.353750	3.322048	0.000061
3.038750	6.451250	3.460153	0.000048

3.136250	2.648750	2.178985	0.000414
3.136250	2.746250	1.413243	0.001496
3.136250	2.843750	1.128242	0.002413
3.136250	2.941250	1.042292	0.002787
3.136250	3.038750	1.140050	0.002365
3.136250	3.136250	1.321997	0.001743
3.136250	3.233750	1.681635	0.000954
3.136250	3.331250	2.059119	0.000506
3.136250	3.428750	2.495349	0.000244
3.136250	3.526250	2.701136	0.000172
3.136250	3.623750	3.030224	0.000099
3.136250	3.721250	3.384984	0.000055
3.136250	3.818750	3.615251	0.000037
3.136250	3.916250	3.517601	0.000044
3.136250	4.013750	3.440482	0.000050
3.136250	4.111250	3.062557	0.000094
3.136250	4.208750	3.111569	0.000087
3.136250	4.306250	3.239683	0.000070
3.136250	4.403750	3.107172	0.000087
3.136250	4.501250	2.881587	0.000127
3.136250	4.598750	2.880874	0.000128
3.136250	4.696250	2.802238	0.000146
3.136250	4.793750	3.031468	0.000099
3.136250	4.891250	3.134008	0.000083
3.136250	4.988750	3.141423	0.000082
3.136250	5.086250	2.647870	0.000189
3.136250	5.183750	2.455139	0.000261
3.136250	5.281250	2.240367	0.000374
3.136250	5.378750	2.026375	0.000535
3.136250	5.476250	1.841347	0.000729
3.136250	5.573750	1.922732	0.000636
3.136250	5.671250	1.873351	0.000691
3.136250	5.768750	1.879713	0.000684
3.136250	5.866250	1.897872	0.000663
3.136250	5.963750	2.021188	0.000539
3.136250	6.061250	2.175961	0.000416
3.136250	6.158750	2.460478	0.000258
3.136250	6.256250	2.774709	0.000152
3.136250	6.353750	3.286991	0.000065
3.136250	6.451250	3.392486	0.000054

3.233750	2.648750	1.975825	0.000582
3.233750	2.746250	1.257872	0.001941
3.233750	2.843750	1.022989	0.002878
3.233750	2.941250	0.904352	0.003512
3.233750	3.038750	1.029003	0.002850
3.233750	3.136250	1.237872	0.002007
3.233750	3.233750	1.549785	0.001190
3.233750	3.331250	1.956382	0.000601
3.233750	3.428750	2.490293	0.000246
3.233750	3.526250	2.536276	0.000227
3.233750	3.623750	2.964140	0.000111
3.233750	3.721250	3.142643	0.000082
3.233750	3.818750	3.460683	0.000048
3.233750	3.916250	3.540961	0.000042
3.233750	4.013750	3.225697	0.000072
3.233750	4.111250	3.060945	0.000094
3.233750	4.208750	3.063162	0.000094
3.233750	4.306250	3.026132	0.000100
3.233750	4.403750	3.072864	0.000092
3.233750	4.501250	2.975486	0.000109
3.233750	4.598750	3.013930	0.000102
3.233750	4.696250	2.702378	0.000172
3.233750	4.793750	2.884239	0.000127
3.233750	4.891250	2.982536	0.000108
3.233750	4.988750	2.876733	0.000128
3.233750	5.086250	2.543561	0.000225
3.233750	5.183750	2.224587	0.000384
3.233750	5.281250	2.086689	0.000483
3.233750	5.378750	1.966738	0.000591
3.233750	5.476250	1.835554	0.000737
3.233750	5.573750	1.668137	0.000975
3.233750	5.671250	1.617163	0.001062
3.233750	5.768750	1.819767	0.000756
3.233750	5.866250	1.931019	0.000628
3.233750	5.963750	1.991686	0.000567
3.233750	6.061250	2.158026	0.000429
3.233750	6.158750	2.393229	0.000289
3.233750	6.256250	2.692655	0.000175
3.233750	6.353750	3.074186	0.000092
3.233750	6.451250	3.439695	0.000050

3.331250	2.648750	2.000068	0.000559
3.331250	2.746250	1.224745	0.002052
3.331250	2.843750	0.902322	0.003524
3.331250	2.941250	0.729310	0.004711
3.331250	3.038750	0.915187	0.003449
3.331250	3.136250	1.228041	0.002041
3.331250	3.233750	1.562371	0.001165
3.331250	3.331250	1.946950	0.000611
3.331250	3.428750	2.362126	0.000305
3.331250	3.526250	2.626229	0.000196
3.331250	3.623750	2.962612	0.000111
3.331250	3.721250	3.034957	0.000099
3.331250	3.818750	3.354454	0.000058
3.331250	3.916250	3.552777	0.000041
3.331250	4.013750	3.385587	0.000055
3.331250	4.111250	3.174984	0.000078
3.331250	4.208750	3.318154	0.000061
3.331250	4.306250	3.264930	0.000067
3.331250	4.403750	3.315405	0.000062
3.331250	4.501250	3.191710	0.000076
3.331250	4.598750	3.048115	0.000096
3.331250	4.696250	2.958301	0.000112
3.331250	4.793750	2.908253	0.000122
3.331250	4.891250	2.923175	0.000119
3.331250	4.988750	2.571004	0.000215
3.331250	5.086250	2.308213	0.000333
3.331250	5.183750	2.176548	0.000416
3.331250	5.281250	1.988915	0.000570
3.331250	5.378750	1.956379	0.000601
3.331250	5.476250	1.984285	0.000574
3.331250	5.573750	1.831487	0.000742
3.331250	5.671250	1.692561	0.000936
3.331250	5.768750	1.841975	0.000729
3.331250	5.866250	1.907477	0.000653
3.331250	5.963750	2.059696	0.000506
3.331250	6.061250	2.085180	0.000485
3.331250	6.158750	2.384569	0.000293
3.331250	6.256250	2.718746	0.000167
3.331250	6.353750	3.085404	0.000091
3.331250	6.451250	3.464740	0.000048

3.428750	2.648750	1.923023	0.000636
3.428750	2.746250	1.182173	0.002204
3.428750	2.843750	0.898052	0.003550
3.428750	2.941250	0.942720	0.003293
3.428750	3.038750	1.074429	0.002641
3.428750	3.136250	1.275153	0.001886
3.428750	3.233750	1.521477	0.001247
3.428750	3.331250	1.852314	0.000716
3.428750	3.428750	2.330446	0.000321
3.428750	3.526250	2.749736	0.000159
3.428750	3.623750	2.992418	0.000106
3.428750	3.721250	3.250091	0.000069
3.428750	3.818750	3.450202	0.000049
3.428750	3.916250	3.714405	0.000032
3.428750	4.013750	3.457149	0.000049
3.428750	4.111250	3.195538	0.000075
3.428750	4.208750	3.466335	0.000048
3.428750	4.306250	3.446359	0.000049
3.428750	4.403750	3.294969	0.000064
3.428750	4.501250	3.240132	0.000070
3.428750	4.598750	3.236874	0.000070
3.428750	4.696250	3.112871	0.000086
3.428750	4.793750	2.745059	0.000160
3.428750	4.891250	2.842923	0.000136
3.428750	4.988750	2.641423	0.000191
3.428750	5.086250	2.466651	0.000256
3.428750	5.183750	2.294499	0.000341
3.428750	5.281250	2.135758	0.000445
3.428750	5.378750	2.064966	0.000501
3.428750	5.476250	2.071475	0.000496
3.428750	5.573750	2.003528	0.000556
3.428750	5.671250	1.952466	0.000605
3.428750	5.768750	2.157156	0.000429
3.428750	5.866250	2.112933	0.000463
3.428750	5.963750	2.231732	0.000379
3.428750	6.061250	2.310138	0.000332
3.428750	6.158750	2.577541	0.000212
3.428750	6.256250	2.886848	0.000126
3.428750	6.353750	3.276749	0.000066
3.428750	6.451250	3.702572	0.000032

3.526250	2.648750	1.891839	0.000670
3.526250	2.746250	1.268811	0.001906
3.526250	2.843750	1.099173	0.002533
3.526250	2.941250	1.097559	0.002540
3.526250	3.038750	1.211002	0.002100
3.526250	3.136250	1.365877	0.001619
3.526250	3.233750	1.756404	0.000841
3.526250	3.331250	2.085191	0.000485
3.526250	3.428750	2.339663	0.000316
3.526250	3.526250	2.700179	0.000173
3.526250	3.623750	3.331665	0.000060
3.526250	3.721250	3.271720	0.000066
3.526250	3.818750	3.659089	0.000035
3.526250	3.916250	3.537777	0.000042
3.526250	4.013750	3.520982	0.000044
3.526250	4.111250	3.445273	0.000049
3.526250	4.208750	3.545997	0.000042
3.526250	4.306250	3.793843	0.000028
3.526250	4.403750	3.534076	0.000043
3.526250	4.501250	3.392878	0.000054
3.526250	4.598750	3.459482	0.000048
3.526250	4.696250	3.204755	0.000074
3.526250	4.793750	2.713563	0.000169
3.526250	4.891250	2.946853	0.000114
3.526250	4.988750	2.813531	0.000143
3.526250	5.086250	2.690956	0.000175
3.526250	5.183750	2.335658	0.000318
3.526250	5.281250	2.461998	0.000258
3.526250	5.378750	2.297237	0.000340
3.526250	5.476250	2.259810	0.000362
3.526250	5.573750	2.044740	0.000519
3.526250	5.671250	2.072241	0.000495
3.526250	5.768750	2.177541	0.000415
3.526250	5.866250	2.325935	0.000324
3.526250	5.963750	2.462463	0.000257
3.526250	6.061250	2.605268	0.000203
3.526250	6.158750	2.927377	0.000118
3.526250	6.256250	3.198010	0.000075
3.526250	6.353750	3.631251	0.000036
3.526250	6.451250	3.911108	0.000023

3.623750	2.648750	2.084548	0.000485
3.623750	2.746250	1.362870	0.001628
3.623750	2.843750	1.200836	0.002136
3.623750	2.941250	1.245235	0.001983
3.623750	3.038750	1.277004	0.001880
3.623750	3.136250	1.549337	0.001190
3.623750	3.233750	2.012410	0.000547
3.623750	3.331250	2.120079	0.000457
3.623750	3.428750	2.562911	0.000217
3.623750	3.526250	2.827340	0.000140
3.623750	3.623750	3.279722	0.000065
3.623750	3.721250	3.440147	0.000050
3.623750	3.818750	3.460987	0.000048
3.623750	3.916250	3.582593	0.000039
3.623750	4.013750	3.354731	0.000058
3.623750	4.111250	3.652621	0.000035
3.623750	4.208750	3.748233	0.000030
3.623750	4.306250	3.918912	0.000022
3.623750	4.403750	3.614212	0.000037
3.623750	4.501250	3.535782	0.000043
3.623750	4.598750	3.556473	0.000041
3.623750	4.696250	3.370594	0.000056
3.623750	4.793750	3.047988	0.000096
3.623750	4.891250	2.980392	0.000108
3.623750	4.988750	2.841436	0.000136
3.623750	5.086250	2.790206	0.000149
3.623750	5.183750	2.699038	0.000173
3.623750	5.281250	2.685332	0.000177
3.623750	5.378750	2.570261	0.000215
3.623750	5.476250	2.392320	0.000289
3.623750	5.573750	2.335013	0.000319
3.623750	5.671250	2.433951	0.000270
3.623750	5.768750	2.483739	0.000248
3.623750	5.866250	2.545355	0.000224
3.623750	5.963750	2.690170	0.000176
3.623750	6.061250	2.911574	0.000121
3.623750	6.158750	3.181250	0.000077
3.623750	6.256250	3.386052	0.000055
3.623750	6.353750	3.758111	0.000029
3.623750	6.451250	4.110716	0.000016

3.721250	2.648750	2.208476	0.000394
3.721250	2.746250	1.488844	0.001318
3.721250	2.843750	1.339935	0.001691
3.721250	2.941250	1.367723	0.001614
3.721250	3.038750	1.452192	0.001401
3.721250	3.136250	1.841683	0.000729
3.721250	3.233750	2.143182	0.000440
3.721250	3.331250	2.369461	0.000301
3.721250	3.428750	2.687382	0.000176
3.721250	3.526250	3.069633	0.000093
3.721250	3.623750	3.268035	0.000067
3.721250	3.721250	3.637593	0.000036
3.721250	3.818750	3.448206	0.000049
3.721250	3.916250	3.630782	0.000036
3.721250	4.013750	3.722082	0.000031
3.721250	4.111250	3.997352	0.000020
3.721250	4.208750	3.902169	0.000023
3.721250	4.306250	4.112062	0.000016
3.721250	4.403750	3.909297	0.000023
3.721250	4.501250	3.704516	0.000032
3.721250	4.598750	3.700776	0.000032
3.721250	4.696250	3.594722	0.000039
3.721250	4.793750	3.342538	0.000059
3.721250	4.891250	3.083582	0.000091
3.721250	4.988750	3.151888	0.000081
3.721250	5.086250	3.128552	0.000084
3.721250	5.183750	3.188913	0.000076
3.721250	5.281250	3.032301	0.000099
3.721250	5.378750	2.857630	0.000133
3.721250	5.476250	2.777957	0.000152
3.721250	5.573750	2.677408	0.000179
3.721250	5.671250	2.642609	0.000190
3.721250	5.768750	2.756755	0.000157
3.721250	5.866250	2.937582	0.000116
3.721250	5.963750	3.092435	0.000089
3.721250	6.061250	3.319158	0.000061
3.721250	6.158750	3.597713	0.000038
3.721250	6.256250	3.677561	0.000034
3.721250	6.353750	4.121815	0.000016
3.721250	6.451250	4.418568	0.000010

3.818750	2.648750	2.253133	0.000366
3.818750	2.746250	1.661173	0.000987
3.818750	2.843750	1.502331	0.001288
3.818750	2.941250	1.617546	0.001062
3.818750	3.038750	1.698386	0.000927
3.818750	3.136250	2.043558	0.000520
3.818750	3.233750	2.361522	0.000305
3.818750	3.331250	2.591869	0.000207
3.818750	3.428750	2.853476	0.000134
3.818750	3.526250	3.084437	0.000091
3.818750	3.623750	3.357444	0.000057
3.818750	3.721250	3.871072	0.000024
3.818750	3.818750	3.684007	0.000033
3.818750	3.916250	3.810839	0.000027
3.818750	4.013750	3.904758	0.000023
3.818750	4.111250	4.172359	0.000015
3.818750	4.208750	4.373225	0.000010
3.818750	4.306250	4.483216	0.000009
3.818750	4.403750	4.116032	0.000016
3.818750	4.501250	3.861710	0.000025
3.818750	4.598750	3.983682	0.000020
3.818750	4.696250	3.981568	0.000020
3.818750	4.793750	3.799154	0.000027
3.818750	4.891250	3.468006	0.000048
3.818750	4.988750	3.315488	0.000062
3.818750	5.086250	3.529844	0.000043
3.818750	5.183750	3.712917	0.000032
3.818750	5.281250	3.505222	0.000045
3.818750	5.378750	3.446768	0.000049
3.818750	5.476250	3.343352	0.000059
3.818750	5.573750	3.206093	0.000074
3.818750	5.671250	3.163150	0.000079
3.818750	5.768750	3.419807	0.000052
3.818750	5.866250	3.613990	0.000037
3.818750	5.963750	3.799044	0.000027
3.818750	6.061250	3.770650	0.000029
3.818750	6.158750	3.942326	0.000022
3.818750	6.256250	4.261674	0.000013
3.818750	6.353750	4.622215	0.000007
3.818750	6.451250	5.023445	0.000004

3.916250	2.648750	2.301386	0.000337
3.916250	2.746250	1.738208	0.000867
3.916250	2.843750	1.675355	0.000964
3.916250	2.941250	1.861024	0.000706
3.916250	3.038750	2.009171	0.000550
3.916250	3.136250	2.325900	0.000324
3.916250	3.233750	2.527827	0.000231
3.916250	3.331250	2.708868	0.000170
3.916250	3.428750	3.036996	0.000098
3.916250	3.526250	3.292809	0.000064
3.916250	3.623750	3.640526	0.000036
3.916250	3.721250	3.590638	0.000039
3.916250	3.818750	3.859379	0.000025
3.916250	3.916250	4.099605	0.000017
3.916250	4.013750	4.323903	0.000011
3.916250	4.111250	4.473418	0.000009
3.916250	4.208750	4.707338	0.000006
3.916250	4.306250	4.635238	0.000007
3.916250	4.403750	4.296704	0.000012
3.916250	4.501250	4.236870	0.000013
3.916250	4.598750	4.260946	0.000013
3.916250	4.696250	4.210585	0.000014
3.916250	4.793750	4.064992	0.000018
3.916250	4.891250	3.901902	0.000023
3.916250	4.988750	3.890312	0.000023
3.916250	5.086250	4.035087	0.000018
3.916250	5.183750	4.142849	0.000015
3.916250	5.281250	4.109905	0.000016
3.916250	5.378750	3.912336	0.000023
3.916250	5.476250	3.738969	0.000030
3.916250	5.573750	3.814627	0.000027
3.916250	5.671250	3.765534	0.000029
3.916250	5.768750	3.970916	0.000020
3.916250	5.866250	4.020523	0.000019
3.916250	5.963750	4.122039	0.000016
3.916250	6.061250	4.207712	0.000014
3.916250	6.158750	4.459365	0.000009
3.916250	6.256250	4.665117	0.000006
3.916250	6.353750	5.003183	0.000004
3.916250	6.451250	5.463464	0.000002

4.013750	2.648750	2.544200	0.000224
4.013750	2.746250	1.993057	0.000566
4.013750	2.843750	1.849868	0.000719
4.013750	2.941250	1.991503	0.000567
4.013750	3.038750	2.307812	0.000334
4.013750	3.136250	2.492118	0.000245
4.013750	3.233750	2.710187	0.000170
4.013750	3.331250	3.014397	0.000102
4.013750	3.428750	3.221894	0.000072
4.013750	3.526250	3.528868	0.000043
4.013750	3.623750	3.924685	0.000022
4.013750	3.721250	3.853662	0.000025
4.013750	3.818750	4.055046	0.000018
4.013750	3.916250	4.391287	0.000010
4.013750	4.013750	4.707999	0.000006
4.013750	4.111250	4.895478	0.000004
4.013750	4.208750	4.944983	0.000004
4.013750	4.306250	4.821761	0.000005
4.013750	4.403750	4.667039	0.000006
4.013750	4.501250	4.639305	0.000007
4.013750	4.598750	4.781890	0.000005
4.013750	4.696250	4.708730	0.000006
4.013750	4.793750	4.518127	0.000008
4.013750	4.891250	4.365704	0.000011
4.013750	4.988750	4.498876	0.000008
4.013750	5.086250	4.593912	0.000007
4.013750	5.183750	4.433566	0.000009
4.013750	5.281250	4.534681	0.000008
4.013750	5.378750	4.321526	0.000011
4.013750	5.476250	4.400404	0.000010
4.013750	5.573750	4.296668	0.000012
4.013750	5.671250	4.364560	0.000011
4.013750	5.768750	4.343736	0.000011
4.013750	5.866250	4.517946	0.000008
4.013750	5.963750	4.417658	0.000010
4.013750	6.061250	4.633945	0.000007
4.013750	6.158750	5.098527	0.000003
4.013750	6.256250	5.283209	0.000002
4.013750	6.353750	5.488394	0.000002
4.013750	6.451250	5.868714	0.000001

4.111250	2.648750	2.696190	0.000174
4.111250	2.746250	2.038305	0.000524
4.111250	2.843750	1.988365	0.000570
4.111250	2.941250	2.047602	0.000516
4.111250	3.038750	2.394064	0.000289
4.111250	3.136250	2.449685	0.000263
4.111250	3.233750	2.931963	0.000117
4.111250	3.331250	3.055458	0.000095
4.111250	3.428750	3.433446	0.000050
4.111250	3.526250	3.613204	0.000037
4.111250	3.623750	3.914042	0.000023
4.111250	3.721250	4.344112	0.000011
4.111250	3.818750	4.180945	0.000014
4.111250	3.916250	4.535451	0.000008
4.111250	4.013750	4.842395	0.000005
4.111250	4.111250	4.947511	0.000004
4.111250	4.208750	5.223659	0.000003
4.111250	4.306250	5.052671	0.000003
4.111250	4.403750	4.963192	0.000004
4.111250	4.501250	5.195073	0.000003
4.111250	4.598750	5.193692	0.000003
4.111250	4.696250	5.073041	0.000003
4.111250	4.793750	4.931882	0.000004
4.111250	4.891250	4.939908	0.000004
4.111250	4.988750	4.983787	0.000004
4.111250	5.086250	4.839861	0.000005
4.111250	5.183750	4.662548	0.000006
4.111250	5.281250	4.780258	0.000005
4.111250	5.378750	4.873503	0.000005
4.111250	5.476250	4.790633	0.000005
4.111250	5.573750	4.701120	0.000006
4.111250	5.671250	4.873137	0.000005
4.111250	5.768750	4.680056	0.000006
4.111250	5.866250	4.752677	0.000006
4.111250	5.963750	4.906811	0.000004
4.111250	6.061250	5.079185	0.000003
4.111250	6.158750	5.407681	0.000002
4.111250	6.256250	5.571029	0.000001
4.111250	6.353750	5.881614	0.000001
4.111250	6.451250	6.373967	0.000000

4.208750	2.648750	2.785186	0.000150
4.208750	2.746250	2.268603	0.000356
4.208750	2.843750	2.013010	0.000547
4.208750	2.941250	2.093245	0.000478
4.208750	3.038750	2.408563	0.000282
4.208750	3.136250	2.453479	0.000261
4.208750	3.233750	2.791363	0.000148
4.208750	3.331250	3.034026	0.000099
4.208750	3.428750	3.495919	0.000045
4.208750	3.526250	3.925650	0.000022
4.208750	3.623750	4.290715	0.000012
4.208750	3.721250	4.370203	0.000010
4.208750	3.818750	4.547387	0.000008
4.208750	3.916250	4.887231	0.000004
4.208750	4.013750	4.837489	0.000005
4.208750	4.111250	5.092942	0.000003
4.208750	4.208750	5.290750	0.000002
4.208750	4.306250	5.469413	0.000002
4.208750	4.403750	5.362751	0.000002
4.208750	4.501250	5.518867	0.000002
4.208750	4.598750	5.576972	0.000001
4.208750	4.696250	5.582913	0.000001
4.208750	4.793750	5.284017	0.000002
4.208750	4.891250	5.350552	0.000002
4.208750	4.988750	5.308867	0.000002
4.208750	5.086250	5.227599	0.000002
4.208750	5.183750	5.230222	0.000002
4.208750	5.281250	4.972967	0.000004
4.208750	5.378750	5.043845	0.000003
4.208750	5.476250	4.989459	0.000004
4.208750	5.573750	4.932239	0.000004
4.208750	5.671250	4.923903	0.000004
4.208750	5.768750	4.969532	0.000004
4.208750	5.866250	5.044447	0.000003
4.208750	5.963750	5.221604	0.000003
4.208750	6.061250	5.609307	0.000001
4.208750	6.158750	5.737500	0.000001
4.208750	6.256250	5.933617	0.000001
4.208750	6.353750	6.250128	0.000000
4.208750	6.451250	6.607869	0.000000

4.306250	2.648750	3.030258	0.000099
4.306250	2.746250	2.504285	0.000240
4.306250	2.843750	2.214154	0.000390
4.306250	2.941250	2.195369	0.000403
4.306250	3.038750	2.581408	0.000211
4.306250	3.136250	2.590240	0.000208
4.306250	3.233750	3.015542	0.000102
4.306250	3.331250	3.343532	0.000059
4.306250	3.428750	3.695608	0.000033
4.306250	3.526250	4.189198	0.000014
4.306250	3.623750	4.380034	0.000010
4.306250	3.721250	4.682889	0.000006
4.306250	3.818750	5.085117	0.000003
4.306250	3.916250	4.895463	0.000004
4.306250	4.013750	4.717591	0.000006
4.306250	4.111250	5.028640	0.000003
4.306250	4.208750	5.299308	0.000002
4.306250	4.306250	5.464329	0.000002
4.306250	4.403750	5.629030	0.000001
4.306250	4.501250	5.709982	0.000001
4.306250	4.598750	5.881072	0.000001
4.306250	4.696250	5.934572	0.000001
4.306250	4.793750	5.802061	0.000001
4.306250	4.891250	5.667141	0.000001
4.306250	4.988750	5.509114	0.000002
4.306250	5.086250	5.527749	0.000002
4.306250	5.183750	5.801976	0.000001
4.306250	5.281250	5.335637	0.000002
4.306250	5.378750	5.190445	0.000003
4.306250	5.476250	5.195767	0.000003
4.306250	5.573750	5.170838	0.000003
4.306250	5.671250	5.138822	0.000003
4.306250	5.768750	5.286313	0.000002
4.306250	5.866250	5.421801	0.000002
4.306250	5.963750	5.515652	0.000002
4.306250	6.061250	5.866450	0.000001
4.306250	6.158750	6.067117	0.000001
4.306250	6.256250	6.246348	0.000000
4.306250	6.353750	6.349836	0.000000
4.306250	6.451250	6.580582	0.000000

4.403750	2.648750	2.967804	0.000110
4.403750	2.746250	2.451024	0.000262
4.403750	2.843750	2.422332	0.000275
4.403750	2.941250	2.269188	0.000356
4.403750	3.038750	2.476443	0.000251
4.403750	3.136250	2.820196	0.000141
4.403750	3.233750	3.048294	0.000096
4.403750	3.331250	3.513536	0.000044
4.403750	3.428750	3.765230	0.000029
4.403750	3.526250	4.408966	0.000010
4.403750	3.623750	4.468236	0.000009
4.403750	3.721250	4.893986	0.000004
4.403750	3.818750	5.016460	0.000004
4.403750	3.916250	4.971928	0.000004
4.403750	4.013750	5.014077	0.000004
4.403750	4.111250	5.100281	0.000003
4.403750	4.208750	5.499388	0.000002
4.403750	4.306250	5.699463	0.000001
4.403750	4.403750	5.619603	0.000001
4.403750	4.501250	5.683658	0.000001
4.403750	4.598750	5.878325	0.000001
4.403750	4.696250	6.078824	0.000001
4.403750	4.793750	5.991930	0.000001
4.403750	4.891250	5.708673	0.000001
4.403750	4.988750	5.562073	0.000001
4.403750	5.086250	5.728791	0.000001
4.403750	5.183750	5.878297	0.000001
4.403750	5.281250	5.690589	0.000001
4.403750	5.378750	5.382988	0.000002
4.403750	5.476250	5.107171	0.000003
4.403750	5.573750	5.349257	0.000002
4.403750	5.671250	5.469354	0.000002
4.403750	5.768750	5.483989	0.000002
4.403750	5.866250	5.580769	0.000001
4.403750	5.963750	5.484053	0.000002
4.403750	6.061250	5.709386	0.000001
4.403750	6.158750	5.956914	0.000001
4.403750	6.256250	6.117001	0.000001
4.403750	6.353750	6.197250	0.000000
4.403750	6.451250	6.258796	0.000000

4.501250	2.648750	3.020469	0.000101
4.501250	2.746250	2.401732	0.000285
4.501250	2.843750	2.396240	0.000288
4.501250	2.941250	2.562212	0.000218
4.501250	3.038750	2.672271	0.000181
4.501250	3.136250	2.911034	0.000121
4.501250	3.233750	2.891904	0.000125
4.501250	3.331250	3.306504	0.000062
4.501250	3.428750	3.756033	0.000029
4.501250	3.526250	4.274722	0.000012
4.501250	3.623750	4.695004	0.000006
4.501250	3.721250	4.740154	0.000006
4.501250	3.818750	5.041629	0.000003
4.501250	3.916250	5.223947	0.000003
4.501250	4.013750	5.240321	0.000002
4.501250	4.111250	5.321409	0.000002
4.501250	4.208750	5.545496	0.000001
4.501250	4.306250	6.040712	0.000001
4.501250	4.403750	5.820721	0.000001
4.501250	4.501250	5.733797	0.000001
4.501250	4.598750	5.977364	0.000001
4.501250	4.696250	6.209623	0.000000
4.501250	4.793750	5.966070	0.000001
4.501250	4.891250	5.684407	0.000001
4.501250	4.988750	5.570432	0.000001
4.501250	5.086250	5.768774	0.000001
4.501250	5.183750	5.736120	0.000001
4.501250	5.281250	5.505589	0.000002
4.501250	5.378750	5.246574	0.000002
4.501250	5.476250	5.011426	0.000004
4.501250	5.573750	4.871321	0.000005
4.501250	5.671250	5.170897	0.000003
4.501250	5.768750	5.278736	0.000002
4.501250	5.866250	5.384002	0.000002
4.501250	5.963750	5.351101	0.000002
4.501250	6.061250	5.451139	0.000002
4.501250	6.158750	5.611189	0.000001
4.501250	6.256250	6.045664	0.000001
4.501250	6.353750	6.093535	0.000001
4.501250	6.451250	6.243778	0.000000

4.598750	2.648750	3.090325	0.000090
4.598750	2.746250	2.568317	0.000215
4.598750	2.843750	2.450699	0.000262
4.598750	2.941250	2.711698	0.000169
4.598750	3.038750	2.810829	0.000143
4.598750	3.136250	3.190670	0.000076
4.598750	3.233750	3.250504	0.000069
4.598750	3.331250	3.272224	0.000066
4.598750	3.428750	3.826599	0.000026
4.598750	3.526250	4.301025	0.000012
4.598750	3.623750	4.852558	0.000005
4.598750	3.721250	4.896961	0.000004
4.598750	3.818750	4.930590	0.000004
4.598750	3.916250	5.346927	0.000002
4.598750	4.013750	5.318035	0.000002
4.598750	4.111250	5.537755	0.000001
4.598750	4.208750	5.790565	0.000001
4.598750	4.306250	6.279861	0.000000
4.598750	4.403750	5.954674	0.000001
4.598750	4.501250	6.027470	0.000001
4.598750	4.598750	6.412814	0.000000
4.598750	4.696250	6.303000	0.000000
4.598750	4.793750	5.953388	0.000001
4.598750	4.891250	5.522167	0.000002
4.598750	4.988750	5.394076	0.000002
4.598750	5.086250	5.640905	0.000001
4.598750	5.183750	5.619268	0.000001
4.598750	5.281250	5.401256	0.000002
4.598750	5.378750	5.129342	0.000003
4.598750	5.476250	5.144804	0.000003
4.598750	5.573750	4.936996	0.000004
4.598750	5.671250	4.860695	0.000005
4.598750	5.768750	5.054239	0.000003
4.598750	5.866250	5.211170	0.000003
4.598750	5.963750	5.154708	0.000003
4.598750	6.061250	5.265612	0.000002
4.598750	6.158750	5.354788	0.000002
4.598750	6.256250	5.758522	0.000001
4.598750	6.353750	5.925522	0.000001
4.598750	6.451250	6.027008	0.000001

4.696250	2.648750	3.073917	0.000092
4.696250	2.746250	2.608096	0.000202
4.696250	2.843750	2.564579	0.000217
4.696250	2.941250	2.517080	0.000235
4.696250	3.038750	2.901043	0.000123
4.696250	3.136250	3.261578	0.000067
4.696250	3.233750	3.449340	0.000049
4.696250	3.331250	3.513054	0.000044
4.696250	3.428750	3.878911	0.000024
4.696250	3.526250	4.238282	0.000013
4.696250	3.623750	4.798270	0.000005
4.696250	3.721250	5.223635	0.000003
4.696250	3.818750	5.234766	0.000002
4.696250	3.916250	5.452155	0.000002
4.696250	4.013750	5.428429	0.000002
4.696250	4.111250	5.508667	0.000002
4.696250	4.208750	5.803652	0.000001
4.696250	4.306250	6.143044	0.000001
4.696250	4.403750	5.911852	0.000001
4.696250	4.501250	6.142467	0.000001
4.696250	4.598750	6.607524	0.000000
4.696250	4.696250	6.505174	0.000000
4.696250	4.793750	6.220687	0.000000
4.696250	4.891250	6.109406	0.000001
4.696250	4.988750	5.696089	0.000001
4.696250	5.086250	5.832235	0.000001
4.696250	5.183750	5.867195	0.000001
4.696250	5.281250	5.464889	0.000002
4.696250	5.378750	5.221195	0.000003
4.696250	5.476250	4.989019	0.000004
4.696250	5.573750	4.838670	0.000005
4.696250	5.671250	4.792945	0.000005
4.696250	5.768750	4.795954	0.000005
4.696250	5.866250	5.107352	0.000003
4.696250	5.963750	5.140286	0.000003
4.696250	6.061250	5.180170	0.000003
4.696250	6.158750	5.183879	0.000003
4.696250	6.256250	5.421032	0.000002
4.696250	6.353750	5.685940	0.000001
4.696250	6.451250	5.914616	0.000001

4.793750	2.648750	2.931483	0.000117
4.793750	2.746250	2.415397	0.000278
4.793750	2.843750	2.348037	0.000312
4.793750	2.941250	2.332197	0.000320
4.793750	3.038750	2.701717	0.000172
4.793750	3.136250	3.123618	0.000085
4.793750	3.233750	3.347047	0.000058
4.793750	3.331250	3.372738	0.000056
4.793750	3.428750	3.806377	0.000027
4.793750	3.526250	4.199535	0.000014
4.793750	3.623750	4.535363	0.000008
4.793750	3.721250	5.100642	0.000003
4.793750	3.818750	5.256473	0.000002
4.793750	3.916250	5.727610	0.000001
4.793750	4.013750	5.689689	0.000001
4.793750	4.111250	5.774104	0.000001
4.793750	4.208750	5.672650	0.000001
4.793750	4.306250	5.749147	0.000001
4.793750	4.403750	5.765862	0.000001
4.793750	4.501250	5.825294	0.000001
4.793750	4.598750	6.452931	0.000000
4.793750	4.696250	6.452248	0.000000
4.793750	4.793750	6.560327	0.000000
4.793750	4.891250	6.425249	0.000000
4.793750	4.988750	6.020897	0.000001
4.793750	5.086250	6.016149	0.000001
4.793750	5.183750	5.780824	0.000001
4.793750	5.281250	5.376225	0.000002
4.793750	5.378750	5.005127	0.000004
4.793750	5.476250	4.820643	0.000005
4.793750	5.573750	4.747297	0.000006
4.793750	5.671250	4.812121	0.000005
4.793750	5.768750	4.940192	0.000004
4.793750	5.866250	4.963204	0.000004
4.793750	5.963750	4.945318	0.000004
4.793750	6.061250	4.944913	0.000004
4.793750	6.158750	5.167514	0.000003
4.793750	6.256250	5.280757	0.000002
4.793750	6.353750	5.605375	0.000001
4.793750	6.451250	5.876287	0.000001

4.891250	2.648750	2.814891	0.000142
4.891250	2.746250	2.197455	0.000401
4.891250	2.843750	2.091745	0.000479
4.891250	2.941250	2.255514	0.000364
4.891250	3.038750	2.548206	0.000223
4.891250	3.136250	2.874327	0.000129
4.891250	3.233750	3.223556	0.000072
4.891250	3.331250	3.646719	0.000035
4.891250	3.428750	3.923272	0.000022
4.891250	3.526250	4.141169	0.000015
4.891250	3.623750	4.326170	0.000011
4.891250	3.721250	4.898947	0.000004
4.891250	3.818750	5.251817	0.000002
4.891250	3.916250	5.347954	0.000002
4.891250	4.013750	5.733236	0.000001
4.891250	4.111250	5.877943	0.000001
4.891250	4.208750	5.967719	0.000001
4.891250	4.306250	6.196540	0.000000
4.891250	4.403750	6.101098	0.000001
4.891250	4.501250	5.798788	0.000001
4.891250	4.598750	6.133980	0.000001
4.891250	4.696250	6.360311	0.000000
4.891250	4.793750	6.272631	0.000000
4.891250	4.891250	6.109332	0.000001
4.891250	4.988750	5.627403	0.000001
4.891250	5.086250	5.584639	0.000001
4.891250	5.183750	5.346467	0.000002
4.891250	5.281250	5.217165	0.000003
4.891250	5.378750	5.040678	0.000003
4.891250	5.476250	4.791747	0.000005
4.891250	5.573750	4.462621	0.000009
4.891250	5.671250	4.385095	0.000010
4.891250	5.768750	4.367339	0.000011
4.891250	5.866250	4.466069	0.000009
4.891250	5.963750	4.564555	0.000008
4.891250	6.061250	4.758681	0.000005
4.891250	6.158750	4.967790	0.000004
4.891250	6.256250	5.157619	0.000003
4.891250	6.353750	5.348931	0.000002
4.891250	6.451250	5.471233	0.000002

4.988750	2.648750	2.696802	0.000174
4.988750	2.746250	2.125198	0.000453
4.988750	2.843750	1.954004	0.000604
4.988750	2.941250	2.120832	0.000456
4.988750	3.038750	2.405858	0.000283
4.988750	3.136250	2.647941	0.000189
4.988750	3.233750	2.960706	0.000112
4.988750	3.331250	3.300092	0.000063
4.988750	3.428750	3.815408	0.000027
4.988750	3.526250	4.233252	0.000013
4.988750	3.623750	4.473117	0.000009
4.988750	3.721250	4.885120	0.000004
4.988750	3.818750	4.926304	0.000004
4.988750	3.916250	5.097270	0.000003
4.988750	4.013750	5.605129	0.000001
4.988750	4.111250	5.618932	0.000001
4.988750	4.208750	5.819222	0.000001
4.988750	4.306250	6.183132	0.000001
4.988750	4.403750	6.049148	0.000001
4.988750	4.501250	6.080144	0.000001
4.988750	4.598750	5.932567	0.000001
4.988750	4.696250	6.177763	0.000001
4.988750	4.793750	5.929766	0.000001
4.988750	4.891250	5.570354	0.000001
4.988750	4.988750	5.498599	0.000002
4.988750	5.086250	5.328363	0.000002
4.988750	5.183750	5.074134	0.000003
4.988750	5.281250	4.888632	0.000004
4.988750	5.378750	4.842825	0.000005
4.988750	5.476250	4.696606	0.000006
4.988750	5.573750	4.402389	0.000010
4.988750	5.671250	4.054355	0.000018
4.988750	5.768750	4.081510	0.000017
4.988750	5.866250	4.155194	0.000015
4.988750	5.963750	4.190561	0.000014
4.988750	6.061250	4.270969	0.000012
4.988750	6.158750	4.620933	0.000007
4.988750	6.256250	4.853490	0.000005
4.988750	6.353750	5.003288	0.000004
4.988750	6.451250	5.199873	0.000003

5.086250	2.648750	2.478162	0.000251
5.086250	2.746250	2.058010	0.000507
5.086250	2.843750	1.901308	0.000660
5.086250	2.941250	2.063803	0.000502
5.086250	3.038750	2.315513	0.000329
5.086250	3.136250	2.652173	0.000187
5.086250	3.233750	2.942380	0.000115
5.086250	3.331250	3.123724	0.000085
5.086250	3.428750	3.642253	0.000036
5.086250	3.526250	4.248116	0.000013
5.086250	3.623750	4.361663	0.000011
5.086250	3.721250	4.711724	0.000006
5.086250	3.818750	4.956464	0.000004
5.086250	3.916250	5.246174	0.000002
5.086250	4.013750	5.505735	0.000002
5.086250	4.111250	5.625167	0.000001
5.086250	4.208750	5.558463	0.000001
5.086250	4.306250	5.926430	0.000001
5.086250	4.403750	5.939503	0.000001
5.086250	4.501250	6.074882	0.000001
5.086250	4.598750	6.020031	0.000001
5.086250	4.696250	5.925067	0.000001
5.086250	4.793750	5.778795	0.000001
5.086250	4.891250	5.313367	0.000002
5.086250	4.988750	4.994584	0.000004
5.086250	5.086250	4.692656	0.000006
5.086250	5.183750	4.598124	0.000007
5.086250	5.281250	4.453572	0.000009
5.086250	5.378750	4.202011	0.000014
5.086250	5.476250	4.077312	0.000017
5.086250	5.573750	3.951074	0.000021
5.086250	5.671250	3.719916	0.000031
5.086250	5.768750	3.819579	0.000026
5.086250	5.866250	3.651018	0.000035
5.086250	5.963750	3.748033	0.000030
5.086250	6.061250	3.936676	0.000022
5.086250	6.158750	4.236758	0.000013
5.086250	6.256250	4.489614	0.000009
5.086250	6.353750	4.589124	0.000007
5.086250	6.451250	4.957055	0.000004

5.183750	2.648750	2.317184	0.000328
5.183750	2.746250	1.838717	0.000733
5.183750	2.843750	1.818768	0.000758
5.183750	2.941250	1.869011	0.000696
5.183750	3.038750	2.117893	0.000459
5.183750	3.136250	2.527062	0.000231
5.183750	3.233750	2.714121	0.000169
5.183750	3.331250	3.065173	0.000094
5.183750	3.428750	3.474377	0.000047
5.183750	3.526250	4.012580	0.000019
5.183750	3.623750	4.200606	0.000014
5.183750	3.721250	4.386705	0.000010
5.183750	3.818750	4.787520	0.000005
5.183750	3.916250	5.084196	0.000003
5.183750	4.013750	5.427006	0.000002
5.183750	4.111250	5.858354	0.000001
5.183750	4.208750	5.735103	0.000001
5.183750	4.306250	5.684070	0.000001
5.183750	4.403750	5.813776	0.000001
5.183750	4.501250	5.941386	0.000001
5.183750	4.598750	5.999088	0.000001
5.183750	4.696250	5.786972	0.000001
5.183750	4.793750	5.299043	0.000002
5.183750	4.891250	4.967501	0.000004
5.183750	4.988750	4.787326	0.000005
5.183750	5.086250	4.587941	0.000007
5.183750	5.183750	4.299349	0.000012
5.183750	5.281250	4.118777	0.000016
5.183750	5.378750	3.936872	0.000022
5.183750	5.476250	3.739818	0.000030
5.183750	5.573750	3.793665	0.000028
5.183750	5.671250	3.672986	0.000034
5.183750	5.768750	3.545365	0.000042
5.183750	5.866250	3.380696	0.000055
5.183750	5.963750	3.333549	0.000060
5.183750	6.061250	3.576758	0.000040
5.183750	6.158750	3.711541	0.000032
5.183750	6.256250	3.891853	0.000023
5.183750	6.353750	4.086261	0.000017
5.183750	6.451250	4.436131	0.000009

5.281250	2.648750	2.114727	0.000461
5.281250	2.746250	1.669856	0.000973
5.281250	2.843750	1.637817	0.001026
5.281250	2.941250	1.685646	0.000947
5.281250	3.038750	2.011119	0.000549
5.281250	3.136250	2.295927	0.000340
5.281250	3.233750	2.514711	0.000236
5.281250	3.331250	2.943505	0.000115
5.281250	3.428750	3.315629	0.000062
5.281250	3.526250	3.851345	0.000025
5.281250	3.623750	4.094062	0.000017
5.281250	3.721250	4.171686	0.000015
5.281250	3.818750	4.524879	0.000008
5.281250	3.916250	4.815578	0.000005
5.281250	4.013750	5.064840	0.000003
5.281250	4.111250	5.651246	0.000001
5.281250	4.208750	5.576998	0.000001
5.281250	4.306250	5.413781	0.000002
5.281250	4.403750	5.722397	0.000001
5.281250	4.501250	5.741906	0.000001
5.281250	4.598750	5.530151	0.000001
5.281250	4.696250	5.419492	0.000002
5.281250	4.793750	5.195059	0.000003
5.281250	4.891250	4.836033	0.000005
5.281250	4.988750	4.533535	0.000008
5.281250	5.086250	4.313170	0.000012
5.281250	5.183750	4.092326	0.000017
5.281250	5.281250	3.981925	0.000020
5.281250	5.378750	3.748260	0.000030
5.281250	5.476250	3.547554	0.000042
5.281250	5.573750	3.485209	0.000046
5.281250	5.671250	3.389920	0.000054
5.281250	5.768750	3.287320	0.000065
5.281250	5.866250	3.198854	0.000075
5.281250	5.963750	3.060443	0.000094
5.281250	6.061250	3.078597	0.000092
5.281250	6.158750	3.130409	0.000084
5.281250	6.256250	3.525945	0.000043
5.281250	6.353750	3.824213	0.000026
5.281250	6.451250	4.134589	0.000016

5.378750	2.648750	2.091637	0.000479
5.378750	2.746250	1.516897	0.001257
5.378750	2.843750	1.377538	0.001588
5.378750	2.941250	1.485702	0.001325
5.378750	3.038750	1.755683	0.000842
5.378750	3.136250	1.968892	0.000589
5.378750	3.233750	2.292637	0.000342
5.378750	3.331250	2.633275	0.000193
5.378750	3.428750	3.031879	0.000099
5.378750	3.526250	3.480070	0.000047
5.378750	3.623750	3.792328	0.000028
5.378750	3.721250	4.075545	0.000017
5.378750	3.818750	4.284127	0.000012
5.378750	3.916250	4.501190	0.000008
5.378750	4.013750	4.877967	0.000004
5.378750	4.111250	5.338235	0.000002
5.378750	4.208750	5.418069	0.000002
5.378750	4.306250	5.311654	0.000002
5.378750	4.403750	5.468926	0.000002
5.378750	4.501250	5.387902	0.000002
5.378750	4.598750	5.104785	0.000003
5.378750	4.696250	5.085055	0.000003
5.378750	4.793750	4.917460	0.000004
5.378750	4.891250	4.710385	0.000006
5.378750	4.988750	4.270011	0.000012
5.378750	5.086250	4.023526	0.000019
5.378750	5.183750	3.805097	0.000027
5.378750	5.281250	3.665190	0.000034
5.378750	5.378750	3.544270	0.000042
5.378750	5.476250	3.169878	0.000079
5.378750	5.573750	3.027821	0.000100
5.378750	5.671250	2.916066	0.000120
5.378750	5.768750	2.829572	0.000139
5.378750	5.866250	2.844741	0.000136
5.378750	5.963750	2.821810	0.000141
5.378750	6.061250	2.811522	0.000143
5.378750	6.158750	2.846397	0.000135
5.378750	6.256250	3.066919	0.000093
5.378750	6.353750	3.488392	0.000046
5.378750	6.451250	3.764490	0.000029

5.476250	2.648750	1.923796	0.000635
5.476250	2.746250	1.345229	0.001677
5.476250	2.843750	1.208938	0.002107
5.476250	2.941250	1.299514	0.001810
5.476250	3.038750	1.507843	0.001276
5.476250	3.136250	1.766089	0.000828
5.476250	3.233750	2.084457	0.000485
5.476250	3.331250	2.437657	0.000268
5.476250	3.428750	2.841643	0.000136
5.476250	3.526250	3.186830	0.000076
5.476250	3.623750	3.536583	0.000042
5.476250	3.721250	3.815121	0.000027
5.476250	3.818750	4.003273	0.000019
5.476250	3.916250	4.069137	0.000017
5.476250	4.013750	4.528169	0.000008
5.476250	4.111250	4.944710	0.000004
5.476250	4.208750	5.337012	0.000002
5.476250	4.306250	5.149485	0.000003
5.476250	4.403750	5.186741	0.000003
5.476250	4.501250	5.124532	0.000003
5.476250	4.598750	4.973614	0.000004
5.476250	4.696250	5.009552	0.000004
5.476250	4.793750	4.571919	0.000007
5.476250	4.891250	4.269733	0.000012
5.476250	4.988750	3.803240	0.000027
5.476250	5.086250	3.489394	0.000046
5.476250	5.183750	3.327940	0.000060
5.476250	5.281250	3.318205	0.000061
5.476250	5.378750	3.220121	0.000072
5.476250	5.476250	2.891319	0.000125
5.476250	5.573750	2.599912	0.000204
5.476250	5.671250	2.588796	0.000208
5.476250	5.768750	2.470059	0.000254
5.476250	5.866250	2.452243	0.000262
5.476250	5.963750	2.520990	0.000233
5.476250	6.061250	2.586379	0.000209
5.476250	6.158750	2.602301	0.000204
5.476250	6.256250	2.788656	0.000149
5.476250	6.353750	3.139461	0.000083
5.476250	6.451250	3.292010	0.000064

5.573750	2.648750	1.891147	0.000671
5.573750	2.746250	1.267350	0.001911
5.573750	2.843750	1.077997	0.002625
5.573750	2.941250	1.190424	0.002174
5.573750	3.038750	1.329234	0.001722
5.573750	3.136250	1.653048	0.001000
5.573750	3.233750	1.994995	0.000564
5.573750	3.331250	2.176027	0.000416
5.573750	3.428750	2.650983	0.000188
5.573750	3.526250	2.945955	0.000114
5.573750	3.623750	3.285308	0.000065
5.573750	3.721250	3.600651	0.000038
5.573750	3.818750	3.767093	0.000029
5.573750	3.916250	3.811090	0.000027
5.573750	4.013750	4.155672	0.000015
5.573750	4.111250	4.542969	0.000008
5.573750	4.208750	4.732363	0.000006
5.573750	4.306250	4.940040	0.000004
5.573750	4.403750	4.891331	0.000004
5.573750	4.501250	4.911410	0.000004
5.573750	4.598750	4.705554	0.000006
5.573750	4.696250	4.445424	0.000009
5.573750	4.793750	4.230739	0.000013
5.573750	4.891250	4.044550	0.000018
5.573750	4.988750	3.697493	0.000032
5.573750	5.086250	3.309092	0.000062
5.573750	5.183750	3.041156	0.000097
5.573750	5.281250	2.960992	0.000112
5.573750	5.378750	2.741418	0.000161
5.573750	5.476250	2.643225	0.000190
5.573750	5.573750	2.372581	0.000299
5.573750	5.671250	2.299410	0.000338
5.573750	5.768750	2.242132	0.000372
5.573750	5.866250	2.220392	0.000386
5.573750	5.963750	2.183617	0.000411
5.573750	6.061250	2.244758	0.000371
5.573750	6.158750	2.332416	0.000320
5.573750	6.256250	2.456556	0.000260
5.573750	6.353750	2.726620	0.000165
5.573750	6.451250	2.904794	0.000123

5.671250	2.648750	2.019203	0.000541
5.671250	2.746250	1.101469	0.002523
5.671250	2.843750	1.031245	0.002839
5.671250	2.941250	0.990223	0.003041
5.671250	3.038750	1.191431	0.002170
5.671250	3.136250	1.551954	0.001185
5.671250	3.233750	1.911961	0.000648
5.671250	3.331250	2.038428	0.000524
5.671250	3.428750	2.466909	0.000255
5.671250	3.526250	2.824489	0.000140
5.671250	3.623750	3.062930	0.000094
5.671250	3.721250	3.130962	0.000084
5.671250	3.818750	3.343476	0.000059
5.671250	3.916250	3.521763	0.000044
5.671250	4.013750	4.012366	0.000019
5.671250	4.111250	4.371761	0.000010
5.671250	4.208750	4.530683	0.000008
5.671250	4.306250	4.760642	0.000005
5.671250	4.403750	4.911539	0.000004
5.671250	4.501250	4.726223	0.000006
5.671250	4.598750	4.399121	0.000010
5.671250	4.696250	4.258173	0.000013
5.671250	4.793750	3.883069	0.000024
5.671250	4.891250	3.709098	0.000032
5.671250	4.988750	3.412831	0.000052
5.671250	5.086250	3.107973	0.000087
5.671250	5.183750	2.754797	0.000158
5.671250	5.281250	2.398813	0.000286
5.671250	5.378750	2.070138	0.000497
5.671250	5.476250	2.059148	0.000506
5.671250	5.573750	2.001742	0.000557
5.671250	5.671250	1.891079	0.000671
5.671250	5.768750	1.948762	0.000609
5.671250	5.866250	1.891588	0.000671
5.671250	5.963750	1.691598	0.000938
5.671250	6.061250	1.845822	0.000724
5.671250	6.158750	2.037831	0.000525
5.671250	6.256250	2.108376	0.000466
5.671250	6.353750	2.334220	0.000319
5.671250	6.451250	2.583166	0.000210

5.768750	2.648750	1.815034	0.000762
5.768750	2.746250	1.094524	0.002553
5.768750	2.843750	0.896071	0.003561
5.768750	2.941250	0.943287	0.003290
5.768750	3.038750	1.074397	0.002641
5.768750	3.136250	1.366254	0.001618
5.768750	3.233750	1.708225	0.000912
5.768750	3.331250	1.946674	0.000611
5.768750	3.428750	2.142857	0.000440
5.768750	3.526250	2.463380	0.000257
5.768750	3.623750	2.754187	0.000158
5.768750	3.721250	2.990956	0.000106
5.768750	3.818750	3.277405	0.000066
5.768750	3.916250	3.452835	0.000049
5.768750	4.013750	3.847467	0.000025
5.768750	4.111250	4.162821	0.000015
5.768750	4.208750	4.259819	0.000013
5.768750	4.306250	4.330253	0.000011
5.768750	4.403750	4.637946	0.000007
5.768750	4.501250	4.411307	0.000010
5.768750	4.598750	4.158656	0.000015
5.768750	4.696250	3.924620	0.000022
5.768750	4.793750	3.574526	0.000040
5.768750	4.891250	3.211499	0.000073
5.768750	4.988750	3.017930	0.000101
5.768750	5.086250	2.764880	0.000155
5.768750	5.183750	2.322255	0.000326
5.768750	5.281250	2.103361	0.000470
5.768750	5.378750	1.907245	0.000653
5.768750	5.476250	1.828057	0.000746
5.768750	5.573750	1.672238	0.000969
5.768750	5.671250	1.594047	0.001104
5.768750	5.768750	1.577661	0.001135
5.768750	5.866250	1.567250	0.001155
5.768750	5.963750	1.418076	0.001484
5.768750	6.061250	1.582143	0.001127
5.768750	6.158750	1.747658	0.000854
5.768750	6.256250	1.846333	0.000723
5.768750	6.353750	2.049045	0.000515
5.768750	6.451250	2.269141	0.000356

5.866250	2.648750	1.794850	0.000789
5.866250	2.746250	1.069344	0.002663
5.866250	2.843750	0.805832	0.004143
5.866250	2.941250	0.773125	0.004377
5.866250	3.038750	0.952143	0.003242
5.866250	3.136250	1.226265	0.002047
5.866250	3.233750	1.544257	0.001201
5.866250	3.331250	1.837630	0.000734
5.866250	3.428750	1.940034	0.000618
5.866250	3.526250	2.275535	0.000352
5.866250	3.623750	2.587356	0.000209
5.866250	3.721250	2.893821	0.000125
5.866250	3.818750	3.272174	0.000066
5.866250	3.916250	3.377446	0.000055
5.866250	4.013750	3.586406	0.000039
5.866250	4.111250	3.935947	0.000022
5.866250	4.208750	3.992688	0.000020
5.866250	4.306250	3.991138	0.000020
5.866250	4.403750	4.293022	0.000012
5.866250	4.501250	4.171557	0.000015
5.866250	4.598750	3.985556	0.000020
5.866250	4.696250	3.735221	0.000030
5.866250	4.793750	3.217869	0.000072
5.866250	4.891250	2.883069	0.000127
5.866250	4.988750	2.695739	0.000174
5.866250	5.086250	2.412791	0.000280
5.866250	5.183750	2.063400	0.000503
5.866250	5.281250	1.813299	0.000765
5.866250	5.378750	1.667741	0.000976
5.866250	5.476250	1.515636	0.001260
5.866250	5.573750	1.343931	0.001680
5.866250	5.671250	1.230086	0.002034
5.866250	5.768750	1.281675	0.001865
5.866250	5.866250	1.338044	0.001697
5.866250	5.963750	1.160514	0.002285
5.866250	6.061250	1.326340	0.001731
5.866250	6.158750	1.454902	0.001395
5.866250	6.256250	1.576702	0.001137
5.866250	6.353750	1.852938	0.000715
5.866250	6.451250	2.027582	0.000534

5.963750	2.648750	2.089091	0.000481
5.963750	2.746250	1.095413	0.002549
5.963750	2.843750	0.705706	0.004901
5.963750	2.941250	0.691837	0.005016
5.963750	3.038750	0.817783	0.004061
5.963750	3.136250	1.065451	0.002681
5.963750	3.233750	1.412126	0.001499
5.963750	3.331250	1.528573	0.001233
5.963750	3.428750	1.727167	0.000883
5.963750	3.526250	2.034308	0.000528
5.963750	3.623750	2.464201	0.000257
5.963750	3.721250	2.788529	0.000149
5.963750	3.818750	3.075842	0.000092
5.963750	3.916250	3.230778	0.000071
5.963750	4.013750	3.467228	0.000048
5.963750	4.111250	3.696055	0.000032
5.963750	4.208750	3.831508	0.000026
5.963750	4.306250	3.791973	0.000028
5.963750	4.403750	3.822483	0.000026
5.963750	4.501250	3.920410	0.000022
5.963750	4.598750	3.769360	0.000029
5.963750	4.696250	3.338652	0.000059
5.963750	4.793750	2.901424	0.000123
5.963750	4.891250	2.621456	0.000197
5.963750	4.988750	2.297624	0.000339
5.963750	5.086250	2.039505	0.000523
5.963750	5.183750	1.786969	0.000799
5.963750	5.281250	1.466049	0.001369
5.963750	5.378750	1.426654	0.001463
5.963750	5.476250	1.214038	0.002089
5.963750	5.573750	1.004992	0.002967
5.963750	5.671250	0.992710	0.003028
5.963750	5.768750	1.043670	0.002780
5.963750	5.866250	1.062078	0.002696
5.963750	5.963750	0.921430	0.003413
5.963750	6.061250	1.160312	0.002286
5.963750	6.158750	1.216258	0.002081
5.963750	6.256250	1.355017	0.001649
5.963750	6.353750	1.495040	0.001304
5.963750	6.451250	1.864602	0.000702

6.061250	2.648750	2.181205	0.000412
6.061250	2.746250	1.264216	0.001921
6.061250	2.843750	0.867714	0.003735
6.061250	2.941250	0.783414	0.004302
6.061250	3.038750	0.863245	0.003763
6.061250	3.136250	1.007440	0.002955
6.061250	3.233750	1.187583	0.002184
6.061250	3.331250	1.377866	0.001587
6.061250	3.428750	1.644948	0.001014
6.061250	3.526250	1.876399	0.000688
6.061250	3.623750	2.281967	0.000348
6.061250	3.721250	2.592063	0.000207
6.061250	3.818750	2.865100	0.000131
6.061250	3.916250	3.039329	0.000098
6.061250	4.013750	3.374573	0.000056
6.061250	4.111250	3.462697	0.000048
6.061250	4.208750	3.596507	0.000038
6.061250	4.306250	3.581720	0.000039
6.061250	4.403750	3.662650	0.000034
6.061250	4.501250	3.707290	0.000032
6.061250	4.598750	3.438219	0.000050
6.061250	4.696250	3.050514	0.000096
6.061250	4.793750	2.766363	0.000155
6.061250	4.891250	2.448794	0.000263
6.061250	4.988750	2.175042	0.000417
6.061250	5.086250	1.740956	0.000863
6.061250	5.183750	1.510323	0.001271
6.061250	5.281250	1.313746	0.001767
6.061250	5.378750	1.127329	0.002416
6.061250	5.476250	0.878925	0.003665
6.061250	5.573750	0.709831	0.004867
6.061250	5.671250	0.712168	0.004848
6.061250	5.768750	0.765730	0.004432
6.061250	5.866250	0.799981	0.004184
6.061250	5.963750	0.648056	0.005399
6.061250	6.061250	0.914707	0.003452
6.061250	6.158750	0.960363	0.003197
6.061250	6.256250	1.187825	0.002183
6.061250	6.353750	1.214431	0.002088
6.061250	6.451250	1.501893	0.001289

6.158750	2.648750	2.026899	0.000534
6.158750	2.746250	1.382816	0.001574
6.158750	2.843750	1.012553	0.002929
6.158750	2.941250	0.831871	0.003966
6.158750	3.038750	0.809492	0.004118
6.158750	3.136250	1.010394	0.002940
6.158750	3.233750	1.181386	0.002207
6.158750	3.331250	1.352995	0.001655
6.158750	3.428750	1.544735	0.001200
6.158750	3.526250	1.895984	0.000666
6.158750	3.623750	2.151535	0.000434
6.158750	3.721250	2.493119	0.000244
6.158750	3.818750	2.825054	0.000140
6.158750	3.916250	2.880507	0.000128
6.158750	4.013750	3.218752	0.000072
6.158750	4.111250	3.412903	0.000052
6.158750	4.208750	3.396226	0.000054
6.158750	4.306250	3.431038	0.000051
6.158750	4.403750	3.491036	0.000046
6.158750	4.501250	3.489078	0.000046
6.158750	4.598750	3.325429	0.000061
6.158750	4.696250	2.955556	0.000113
6.158750	4.793750	2.663528	0.000184
6.158750	4.891250	2.162161	0.000426
6.158750	4.988750	2.008505	0.000551
6.158750	5.086250	1.494209	0.001306
6.158750	5.183750	1.281126	0.001867
6.158750	5.281250	1.211994	0.002096
6.158750	5.378750	0.901860	0.003527
6.158750	5.476250	0.702253	0.004930
6.158750	5.573750	0.527921	0.006604
6.158750	5.671250	0.550231	0.006361
6.158750	5.768750	0.557598	0.006283
6.158750	5.866250	0.565918	0.006196
6.158750	5.963750	0.506153	0.006850
6.158750	6.061250	0.650433	0.005377
6.158750	6.158750	0.673764	0.005171
6.158750	6.256250	0.898139	0.003549
6.158750	6.353750	0.960070	0.003199
6.158750	6.451250	1.233017	0.002024

6.256250	2.648750	1.910239	0.000650
6.256250	2.746250	1.291541	0.001835
6.256250	2.843750	0.946136	0.003275
6.256250	2.941250	0.794214	0.004225
6.256250	3.038750	0.849861	0.003848
6.256250	3.136250	1.000782	0.002988
6.256250	3.233750	1.120239	0.002445
6.256250	3.331250	1.354963	0.001649
6.256250	3.428750	1.595809	0.001101
6.256250	3.526250	1.879151	0.000685
6.256250	3.623750	2.069105	0.000498
6.256250	3.721250	2.309546	0.000333
6.256250	3.818750	2.592193	0.000207
6.256250	3.916250	2.855587	0.000133
6.256250	4.013750	3.098159	0.000089
6.256250	4.111250	3.253773	0.000068
6.256250	4.208750	3.258834	0.000068
6.256250	4.306250	3.314856	0.000062
6.256250	4.403750	3.391915	0.000054
6.256250	4.501250	3.288881	0.000064
6.256250	4.598750	3.086808	0.000090
6.256250	4.696250	2.788348	0.000149
6.256250	4.793750	2.542662	0.000225
6.256250	4.891250	2.074890	0.000493
6.256250	4.988750	1.717844	0.000897
6.256250	5.086250	1.272386	0.001894
6.256250	5.183750	0.941329	0.003301
6.256250	5.281250	0.909504	0.003482
6.256250	5.378750	0.716505	0.004813
6.256250	5.476250	0.442297	0.007624
6.256250	5.573750	0.290280	0.009838
6.256250	5.671250	0.236710	0.010763
6.256250	5.768750	0.254248	0.010451
6.256250	5.866250	0.284786	0.009930
6.256250	5.963750	0.279781	0.010013
6.256250	6.061250	0.433623	0.007736
6.256250	6.158750	0.523631	0.006652
6.256250	6.256250	0.749407	0.004555
6.256250	6.353750	0.923243	0.003403
6.256250	6.451250	1.064302	0.002686

6.353750	2.648750	1.907214	0.000653
6.353750	2.746250	1.190419	0.002174
6.353750	2.843750	0.977529	0.003107
6.353750	2.941250	0.869129	0.003726
6.353750	3.038750	0.841156	0.003905
6.353750	3.136250	0.925757	0.003388
6.353750	3.233750	1.198912	0.002143
6.353750	3.331250	1.430569	0.001453
6.353750	3.428750	1.718356	0.000897
6.353750	3.526250	1.909239	0.000651
6.353750	3.623750	2.271748	0.000354
6.353750	3.721250	2.269467	0.000356
6.353750	3.818750	2.524240	0.000232
6.353750	3.916250	2.832003	0.000138
6.353750	4.013750	3.058541	0.000095
6.353750	4.111250	3.097877	0.000089
6.353750	4.208750	3.139342	0.000083
6.353750	4.306250	3.311022	0.000062
6.353750	4.403750	3.279939	0.000065
6.353750	4.501250	3.181669	0.000077
6.353750	4.598750	2.933330	0.000117
6.353750	4.696250	2.577876	0.000212
6.353750	4.793750	2.329813	0.000321
6.353750	4.891250	1.983799	0.000574
6.353750	4.988750	1.541711	0.001206
6.353750	5.086250	1.186810	0.002187
6.353750	5.183750	0.943580	0.003289
6.353750	5.281250	0.734843	0.004667
6.353750	5.378750	0.505033	0.006863
6.353750	5.476250	0.308720	0.009539
6.353750	5.573750	0.180417	0.011829
6.353750	5.671250	0.104649	0.013433
6.353750	5.768750	0.034314	0.015115
6.353750	5.866250	0.214221	0.011177
6.353750	5.963750	0.172155	0.011994
6.353750	6.061250	0.262239	0.010312
6.353750	6.158750	0.432913	0.007745
6.353750	6.256250	0.481664	0.007137
6.353750	6.353750	0.666545	0.005234
6.353750	6.451250	0.904995	0.003508

6.451250	2.648750	1.955505	0.000602
6.451250	2.746250	1.278699	0.001874
6.451250	2.843750	0.990029	0.003042
6.451250	2.941250	0.856923	0.003803
6.451250	3.038750	0.839541	0.003916
6.451250	3.136250	0.920667	0.003417
6.451250	3.233750	1.156882	0.002299
6.451250	3.331250	1.450006	0.001406
6.451250	3.428750	1.692006	0.000937
6.451250	3.526250	1.811252	0.000767
6.451250	3.623750	2.150544	0.000434
6.451250	3.721250	2.271266	0.000355
6.451250	3.818750	2.468826	0.000255
6.451250	3.916250	2.809823	0.000144
6.451250	4.013750	2.978715	0.000108
6.451250	4.111250	2.993934	0.000106
6.451250	4.208750	3.042291	0.000097
6.451250	4.306250	3.212977	0.000073
6.451250	4.403750	3.297240	0.000063
6.451250	4.501250	3.125547	0.000085
6.451250	4.598750	2.864146	0.000131
6.451250	4.696250	2.518921	0.000234
6.451250	4.793750	2.135542	0.000445
6.451250	4.891250	1.809978	0.000769
6.451250	4.988750	1.493042	0.001308
6.451250	5.086250	1.039571	0.002800
6.451250	5.183750	0.909598	0.003481
6.451250	5.281250	0.580021	0.006051
6.451250	5.378750	0.369431	0.008615
6.451250	5.476250	0.125083	0.012980
6.451250	5.573750	0.113049	0.013245
6.451250	5.671250	0.044504	0.014858
6.451250	5.768750	0.002653	0.015939
6.451250	5.866250	0.136196	0.012740
6.451250	5.963750	0.033852	0.015126
6.451250	6.061250	0.000000	0.016010
6.451250	6.158750	0.276335	0.010071
6.451250	6.256250	0.356086	0.008810
6.451250	6.353750	0.612799	0.005728
6.451250	6.451250	0.831038	0.003972

