#X		Y		Free		Pro
2.748837	2.348837	17.356992	0.000000
2.748837	2.446512	11.286507	0.000000
2.748837	2.544186	7.072882	0.000000
2.748837	2.641860	4.429354	0.000006
2.748837	2.739535	3.459050	0.000030
2.748837	2.837209	3.129317	0.000053
2.748837	2.934884	3.163911	0.000050
2.748837	3.032558	3.416160	0.000032
2.748837	3.130233	3.752552	0.000018
2.748837	3.227907	4.208887	0.000009
2.748837	3.325581	4.641835	0.000004
2.748837	3.423256	4.847729	0.000003
2.748837	3.520930	5.515297	0.000001
2.748837	3.618605	6.054381	0.000000
2.748837	3.716279	5.966111	0.000000
2.748837	3.813953	6.235257	0.000000
2.748837	3.911628	6.113154	0.000000
2.748837	4.009302	5.597771	0.000001
2.748837	4.106977	5.152322	0.000002
2.748837	4.204651	4.990865	0.000002
2.748837	4.302326	5.117296	0.000002
2.748837	4.400000	5.000968	0.000002
2.748837	4.497674	5.024713	0.000002
2.748837	4.595349	5.130352	0.000002
2.748837	4.693023	5.280245	0.000001
2.748837	4.790698	5.437873	0.000001
2.748837	4.888372	5.490220	0.000001
2.748837	4.986047	5.261561	0.000001
2.748837	5.083721	5.099033	0.000002
2.748837	5.181395	4.897955	0.000003
2.748837	5.279070	4.718912	0.000004
2.748837	5.376744	4.543298	0.000005
2.748837	5.474419	4.659885	0.000004
2.748837	5.572093	4.670769	0.000004
2.748837	5.669767	4.639920	0.000004
2.748837	5.767442	4.866195	0.000003
2.748837	5.865116	4.987500	0.000002
2.748837	5.962791	5.066018	0.000002
2.748837	6.060465	5.171556	0.000002
2.748837	6.158140	5.516760	0.000001
2.748837	6.255814	5.944370	0.000000
2.748837	6.353488	6.223274	0.000000
2.748837	6.451163	6.509096	0.000000

2.846512	2.348837	16.490544	0.000000
2.846512	2.446512	10.116848	0.000000
2.846512	2.544186	5.885655	0.000001
2.846512	2.641860	3.082545	0.000057
2.846512	2.739535	2.126855	0.000283
2.846512	2.837209	1.881703	0.000426
2.846512	2.934884	1.957458	0.000375
2.846512	3.032558	2.205393	0.000248
2.846512	3.130233	2.538544	0.000142
2.846512	3.227907	2.962520	0.000070
2.846512	3.325581	3.508679	0.000028
2.846512	3.423256	3.591459	0.000024
2.846512	3.520930	4.204999	0.000009
2.846512	3.618605	4.627676	0.000004
2.846512	3.716279	4.861366	0.000003
2.846512	3.813953	5.423457	0.000001
2.846512	3.911628	5.275469	0.000001
2.846512	4.009302	4.667411	0.000004
2.846512	4.106977	4.328563	0.000007
2.846512	4.204651	4.140517	0.000010
2.846512	4.302326	4.359496	0.000007
2.846512	4.400000	4.274722	0.000008
2.846512	4.497674	4.100206	0.000010
2.846512	4.595349	4.217052	0.000008
2.846512	4.693023	4.206467	0.000009
2.846512	4.790698	4.408797	0.000006
2.846512	4.888372	4.437867	0.000006
2.846512	4.986047	4.426848	0.000006
2.846512	5.083721	4.270630	0.000008
2.846512	5.181395	4.030871	0.000012
2.846512	5.279070	3.774684	0.000018
2.846512	5.376744	3.559465	0.000026
2.846512	5.474419	3.307976	0.000039
2.846512	5.572093	3.394121	0.000034
2.846512	5.669767	3.325594	0.000038
2.846512	5.767442	3.453631	0.000031
2.846512	5.865116	3.635319	0.000022
2.846512	5.962791	3.828703	0.000016
2.846512	6.060465	4.027831	0.000012
2.846512	6.158140	4.264235	0.000008
2.846512	6.255814	4.503653	0.000005
2.846512	6.353488	4.652895	0.000004
2.846512	6.451163	5.022673	0.000002

2.944186	2.348837	15.264594	0.000000
2.944186	2.446512	9.252743	0.000000
2.944186	2.544186	5.070154	0.000002
2.944186	2.641860	2.289259	0.000215
2.944186	2.739535	1.317810	0.001098
2.944186	2.837209	1.094077	0.001597
2.944186	2.934884	1.167604	0.001412
2.944186	3.032558	1.415006	0.000932
2.944186	3.130233	1.758086	0.000524
2.944186	3.227907	2.242653	0.000233
2.944186	3.325581	2.571560	0.000134
2.944186	3.423256	3.016943	0.000063
2.944186	3.520930	3.570571	0.000025
2.944186	3.618605	3.920319	0.000014
2.944186	3.716279	4.332848	0.000007
2.944186	3.813953	4.633093	0.000004
2.944186	3.911628	4.636389	0.000004
2.944186	4.009302	4.218493	0.000008
2.944186	4.106977	3.816915	0.000017
2.944186	4.204651	3.804429	0.000017
2.944186	4.302326	3.893905	0.000015
2.944186	4.400000	3.922092	0.000014
2.944186	4.497674	3.558903	0.000026
2.944186	4.595349	3.548401	0.000026
2.944186	4.693023	3.774040	0.000018
2.944186	4.790698	3.740380	0.000019
2.944186	4.888372	3.889195	0.000015
2.944186	4.986047	3.710882	0.000020
2.944186	5.083721	3.511154	0.000028
2.944186	5.181395	3.327127	0.000038
2.944186	5.279070	3.184368	0.000048
2.944186	5.376744	2.886628	0.000079
2.944186	5.474419	2.664077	0.000115
2.944186	5.572093	2.648933	0.000118
2.944186	5.669767	2.742446	0.000101
2.944186	5.767442	2.869779	0.000081
2.944186	5.865116	3.092434	0.000056
2.944186	5.962791	3.192942	0.000047
2.944186	6.060465	3.289556	0.000040
2.944186	6.158140	3.620364	0.000023
2.944186	6.255814	3.943748	0.000013
2.944186	6.353488	4.101383	0.000010
2.944186	6.451163	4.288516	0.000008

3.041860	2.348837	14.937143	0.000000
3.041860	2.446512	8.796476	0.000000
3.041860	2.544186	4.600773	0.000004
3.041860	2.641860	1.882305	0.000426
3.041860	2.739535	0.920038	0.002139
3.041860	2.837209	0.694502	0.003123
3.041860	2.934884	0.771626	0.002744
3.041860	3.032558	0.963532	0.001989
3.041860	3.130233	1.282460	0.001165
3.041860	3.227907	1.748570	0.000533
3.041860	3.325581	2.244318	0.000232
3.041860	3.423256	2.702553	0.000108
3.041860	3.520930	3.171983	0.000049
3.041860	3.618605	3.473008	0.000030
3.041860	3.716279	3.849881	0.000016
3.041860	3.813953	4.233255	0.000008
3.041860	3.911628	4.270212	0.000008
3.041860	4.009302	3.837005	0.000016
3.041860	4.106977	3.485143	0.000029
3.041860	4.204651	3.596989	0.000024
3.041860	4.302326	3.689711	0.000021
3.041860	4.400000	3.520695	0.000027
3.041860	4.497674	3.240928	0.000044
3.041860	4.595349	3.104077	0.000055
3.041860	4.693023	3.312492	0.000039
3.041860	4.790698	3.453444	0.000031
3.041860	4.888372	3.494733	0.000028
3.041860	4.986047	3.386074	0.000034
3.041860	5.083721	3.156908	0.000050
3.041860	5.181395	2.948758	0.000071
3.041860	5.279070	2.812896	0.000089
3.041860	5.376744	2.524217	0.000145
3.041860	5.474419	2.329705	0.000201
3.041860	5.572093	2.356595	0.000192
3.041860	5.669767	2.423747	0.000172
3.041860	5.767442	2.591580	0.000130
3.041860	5.865116	2.728404	0.000103
3.041860	5.962791	2.792588	0.000092
3.041860	6.060465	2.751475	0.000099
3.041860	6.158140	3.209705	0.000046
3.041860	6.255814	3.452183	0.000031
3.041860	6.353488	3.795766	0.000017
3.041860	6.451163	3.942551	0.000013

3.139535	2.348837	14.283312	0.000000
3.139535	2.446512	8.390679	0.000000
3.139535	2.544186	4.262743	0.000008
3.139535	2.641860	1.527442	0.000772
3.139535	2.739535	0.662744	0.003293
3.139535	2.837209	0.434172	0.004832
3.139535	2.934884	0.459958	0.004628
3.139535	3.032558	0.676317	0.003219
3.139535	3.130233	0.978662	0.001939
3.139535	3.227907	1.461617	0.000862
3.139535	3.325581	1.955370	0.000377
3.139535	3.423256	2.509637	0.000149
3.139535	3.520930	2.834828	0.000086
3.139535	3.618605	3.271748	0.000041
3.139535	3.716279	3.684775	0.000021
3.139535	3.813953	3.996232	0.000012
3.139535	3.911628	3.955052	0.000013
3.139535	4.009302	3.747533	0.000019
3.139535	4.106977	3.398022	0.000033
3.139535	4.204651	3.358856	0.000036
3.139535	4.302326	3.507218	0.000028
3.139535	4.400000	3.442798	0.000031
3.139535	4.497674	3.167920	0.000049
3.139535	4.595349	3.038231	0.000061
3.139535	4.693023	2.993575	0.000066
3.139535	4.790698	3.203543	0.000046
3.139535	4.888372	3.300521	0.000039
3.139535	4.986047	3.377683	0.000035
3.139535	5.083721	2.877668	0.000080
3.139535	5.181395	2.659931	0.000116
3.139535	5.279070	2.506582	0.000149
3.139535	5.376744	2.321560	0.000204
3.139535	5.474419	2.145276	0.000274
3.139535	5.572093	2.274451	0.000221
3.139535	5.669767	2.221901	0.000241
3.139535	5.767442	2.227368	0.000239
3.139535	5.865116	2.275332	0.000220
3.139535	5.962791	2.414300	0.000174
3.139535	6.060465	2.582400	0.000132
3.139535	6.158140	2.887623	0.000079
3.139535	6.255814	3.191608	0.000047
3.139535	6.353488	3.704327	0.000020
3.139535	6.451163	3.830847	0.000016

3.237209	2.348837	14.211590	0.000000
3.237209	2.446512	8.210909	0.000000
3.237209	2.544186	4.058798	0.000011
3.237209	2.641860	1.275376	0.001179
3.237209	2.739535	0.443427	0.004758
3.237209	2.837209	0.255393	0.006522
3.237209	2.934884	0.258634	0.006487
3.237209	3.032558	0.490666	0.004395
3.237209	3.130233	0.830731	0.002485
3.237209	3.227907	1.267614	0.001194
3.237209	3.325581	1.767042	0.000517
3.237209	3.423256	2.422544	0.000172
3.237209	3.520930	2.622080	0.000123
3.237209	3.618605	3.119434	0.000053
3.237209	3.716279	3.395316	0.000034
3.237209	3.813953	3.763675	0.000018
3.237209	3.911628	3.897272	0.000014
3.237209	4.009302	3.472136	0.000030
3.237209	4.106977	3.343745	0.000037
3.237209	4.204651	3.311627	0.000039
3.237209	4.302326	3.249035	0.000043
3.237209	4.400000	3.333285	0.000037
3.237209	4.497674	3.200650	0.000047
3.237209	4.595349	3.124700	0.000053
3.237209	4.693023	2.832485	0.000087
3.237209	4.790698	3.004908	0.000065
3.237209	4.888372	3.084159	0.000057
3.237209	4.986047	3.032654	0.000062
3.237209	5.083721	2.717591	0.000105
3.237209	5.181395	2.390582	0.000182
3.237209	5.279070	2.276366	0.000220
3.237209	5.376744	2.178793	0.000259
3.237209	5.474419	2.079386	0.000306
3.237209	5.572093	1.949661	0.000380
3.237209	5.669767	1.900540	0.000413
3.237209	5.767442	2.100794	0.000295
3.237209	5.865116	2.243188	0.000232
3.237209	5.962791	2.316698	0.000205
3.237209	6.060465	2.492010	0.000153
3.237209	6.158140	2.759754	0.000098
3.237209	6.255814	3.044695	0.000061
3.237209	6.353488	3.401639	0.000033
3.237209	6.451163	3.783904	0.000018

3.334884	2.348837	13.760507	0.000000
3.334884	2.446512	8.016403	0.000000
3.334884	2.544186	3.798921	0.000017
3.334884	2.641860	1.179568	0.001384
3.334884	2.739535	0.347845	0.005585
3.334884	2.837209	0.087964	0.008637
3.334884	2.934884	0.023449	0.009624
3.334884	3.032558	0.344034	0.005621
3.334884	3.130233	0.758094	0.002807
3.334884	3.227907	1.216300	0.001301
3.334884	3.325581	1.737348	0.000543
3.334884	3.423256	2.250330	0.000230
3.334884	3.520930	2.651689	0.000117
3.334884	3.618605	3.063305	0.000059
3.334884	3.716279	3.245409	0.000043
3.334884	3.813953	3.593271	0.000024
3.334884	3.911628	3.823458	0.000016
3.334884	4.009302	3.638236	0.000022
3.334884	4.106977	3.411912	0.000033
3.334884	4.204651	3.504368	0.000028
3.334884	4.302326	3.455940	0.000030
3.334884	4.400000	3.537494	0.000027
3.334884	4.497674	3.381340	0.000034
3.334884	4.595349	3.145736	0.000051
3.334884	4.693023	3.057827	0.000059
3.334884	4.790698	2.987689	0.000067
3.334884	4.888372	3.001059	0.000065
3.334884	4.986047	2.713452	0.000106
3.334884	5.083721	2.454054	0.000163
3.334884	5.181395	2.293438	0.000214
3.334884	5.279070	2.146221	0.000274
3.334884	5.376744	2.130992	0.000281
3.334884	5.474419	2.173571	0.000261
3.334884	5.572093	2.080742	0.000305
3.334884	5.669767	1.943352	0.000384
3.334884	5.767442	2.093333	0.000299
3.334884	5.865116	2.185072	0.000256
3.334884	5.962791	2.351227	0.000194
3.334884	6.060465	2.372871	0.000187
3.334884	6.158140	2.704446	0.000107
3.334884	6.255814	3.025848	0.000063
3.334884	6.353488	3.391473	0.000034
3.334884	6.451163	3.769195	0.000018

3.432558	2.348837	13.680262	0.000000
3.432558	2.446512	7.776870	0.000000
3.432558	2.544186	3.580392	0.000025
3.432558	2.641860	0.981251	0.001930
3.432558	2.739535	0.231148	0.006793
3.432558	2.837209	0.000000	0.010010
3.432558	2.934884	0.157082	0.007692
3.432558	3.032558	0.426964	0.004891
3.432558	3.130233	0.718800	0.002998
3.432558	3.227907	1.114487	0.001544
3.432558	3.325581	1.539025	0.000757
3.432558	3.423256	2.133986	0.000279
3.432558	3.520930	2.654652	0.000117
3.432558	3.618605	3.027503	0.000062
3.432558	3.716279	3.373138	0.000035
3.432558	3.813953	3.625951	0.000023
3.432558	3.911628	3.887794	0.000015
3.432558	4.009302	3.606727	0.000024
3.432558	4.106977	3.357973	0.000036
3.432558	4.204651	3.592479	0.000024
3.432558	4.302326	3.568387	0.000025
3.432558	4.400000	3.447430	0.000031
3.432558	4.497674	3.323807	0.000038
3.432558	4.595349	3.260496	0.000042
3.432558	4.693023	3.133968	0.000052
3.432558	4.790698	2.756100	0.000098
3.432558	4.888372	2.861307	0.000082
3.432558	4.986047	2.724773	0.000104
3.432558	5.083721	2.556190	0.000138
3.432558	5.181395	2.320363	0.000204
3.432558	5.279070	2.203156	0.000249
3.432558	5.376744	2.148428	0.000272
3.432558	5.474419	2.181635	0.000258
3.432558	5.572093	2.151766	0.000271
3.432558	5.669767	2.123240	0.000284
3.432558	5.767442	2.317493	0.000205
3.432558	5.865116	2.295415	0.000213
3.432558	5.962791	2.434138	0.000169
3.432558	6.060465	2.515050	0.000147
3.432558	6.158140	2.814503	0.000089
3.432558	6.255814	3.105988	0.000055
3.432558	6.353488	3.480023	0.000029
3.432558	6.451163	3.920619	0.000014

3.530233	2.348837	13.632074	0.000000
3.530233	2.446512	7.792540	0.000000
3.530233	2.544186	3.631192	0.000023
3.530233	2.641860	0.950049	0.002034
3.530233	2.739535	0.240099	0.006692
3.530233	2.837209	0.157929	0.007681
3.530233	2.934884	0.265210	0.006416
3.530233	3.032558	0.503622	0.004301
3.530233	3.130233	0.789451	0.002663
3.530233	3.227907	1.276976	0.001175
3.530233	3.325581	1.727215	0.000552
3.530233	3.423256	2.081037	0.000305
3.530233	3.520930	2.546200	0.000140
3.530233	3.618605	3.289683	0.000040
3.530233	3.716279	3.351659	0.000036
3.530233	3.813953	3.733603	0.000019
3.530233	3.911628	3.691743	0.000020
3.530233	4.009302	3.603925	0.000024
3.530233	4.106977	3.552245	0.000026
3.530233	4.204651	3.635567	0.000022
3.530233	4.302326	3.853331	0.000016
3.530233	4.400000	3.658256	0.000022
3.530233	4.497674	3.412408	0.000033
3.530233	4.595349	3.416747	0.000032
3.530233	4.693023	3.192496	0.000047
3.530233	4.790698	2.727922	0.000103
3.530233	4.888372	2.934435	0.000073
3.530233	4.986047	2.827911	0.000087
3.530233	5.083721	2.711066	0.000106
3.530233	5.181395	2.327868	0.000202
3.530233	5.279070	2.478649	0.000157
3.530233	5.376744	2.330643	0.000201
3.530233	5.474419	2.312890	0.000207
3.530233	5.572093	2.145029	0.000274
3.530233	5.669767	2.172397	0.000262
3.530233	5.767442	2.267385	0.000223
3.530233	5.865116	2.444644	0.000166
3.530233	5.962791	2.594912	0.000129
3.530233	6.060465	2.758974	0.000098
3.530233	6.158140	3.094812	0.000056
3.530233	6.255814	3.365950	0.000035
3.530233	6.353488	3.787721	0.000017
3.530233	6.451163	4.078669	0.000011

3.627907	2.348837	13.684260	0.000000
3.627907	2.446512	7.798291	0.000000
3.627907	2.544186	3.661395	0.000022
3.627907	2.641860	1.102647	0.001575
3.627907	2.739535	0.342787	0.005633
3.627907	2.837209	0.240951	0.006682
3.627907	2.934884	0.393340	0.005175
3.627907	3.032558	0.533426	0.004091
3.627907	3.130233	0.937660	0.002077
3.627907	3.227907	1.506952	0.000799
3.627907	3.325581	1.748081	0.000533
3.627907	3.423256	2.275172	0.000220
3.627907	3.520930	2.671600	0.000113
3.627907	3.618605	3.196849	0.000047
3.627907	3.716279	3.455499	0.000030
3.627907	3.813953	3.535914	0.000027
3.627907	3.911628	3.675797	0.000021
3.627907	4.009302	3.418436	0.000032
3.627907	4.106977	3.699578	0.000020
3.627907	4.204651	3.822461	0.000016
3.627907	4.302326	3.965158	0.000013
3.627907	4.400000	3.736656	0.000019
3.627907	4.497674	3.523557	0.000027
3.627907	4.595349	3.463109	0.000030
3.627907	4.693023	3.318184	0.000038
3.627907	4.790698	3.040332	0.000061
3.627907	4.888372	2.932030	0.000073
3.627907	4.986047	2.843784	0.000085
3.627907	5.083721	2.763261	0.000097
3.627907	5.181395	2.669574	0.000114
3.627907	5.279070	2.670982	0.000113
3.627907	5.376744	2.562012	0.000136
3.627907	5.474419	2.404375	0.000177
3.627907	5.572093	2.411679	0.000175
3.627907	5.669767	2.518258	0.000147
3.627907	5.767442	2.559093	0.000137
3.627907	5.865116	2.633042	0.000121
3.627907	5.962791	2.786742	0.000093
3.627907	6.060465	3.012976	0.000064
3.627907	6.158140	3.332012	0.000037
3.627907	6.255814	3.513208	0.000028
3.627907	6.353488	3.871511	0.000015
3.627907	6.451163	4.229704	0.000008

3.725581	2.348837	13.661463	0.000000
3.725581	2.446512	7.828347	0.000000
3.725581	2.544186	3.794463	0.000017
3.725581	2.641860	1.171629	0.001403
3.725581	2.739535	0.399320	0.005123
3.725581	2.837209	0.318084	0.005871
3.725581	2.934884	0.478148	0.004489
3.725581	3.032558	0.660656	0.003305
3.725581	3.130233	1.174764	0.001395
3.725581	3.227907	1.595681	0.000689
3.725581	3.325581	1.944301	0.000384
3.725581	3.423256	2.332535	0.000200
3.725581	3.520930	2.808461	0.000090
3.725581	3.618605	3.136504	0.000052
3.725581	3.716279	3.614455	0.000023
3.725581	3.813953	3.482996	0.000029
3.725581	3.911628	3.638481	0.000022
3.725581	4.009302	3.717685	0.000020
3.725581	4.106977	3.996641	0.000012
3.725581	4.204651	3.938323	0.000014
3.725581	4.302326	4.091112	0.000010
3.725581	4.400000	3.983867	0.000013
3.725581	4.497674	3.677118	0.000021
3.725581	4.595349	3.574599	0.000025
3.725581	4.693023	3.482346	0.000029
3.725581	4.790698	3.263666	0.000042
3.725581	4.888372	3.010003	0.000064
3.725581	4.986047	3.097785	0.000055
3.725581	5.083721	3.052386	0.000060
3.725581	5.181395	3.076775	0.000057
3.725581	5.279070	2.956494	0.000070
3.725581	5.376744	2.796552	0.000092
3.725581	5.474419	2.732559	0.000102
3.725581	5.572093	2.664698	0.000115
3.725581	5.669767	2.649359	0.000118
3.725581	5.767442	2.742951	0.000101
3.725581	5.865116	2.953437	0.000071
3.725581	5.962791	3.138959	0.000052
3.725581	6.060465	3.364401	0.000035
3.725581	6.158140	3.663900	0.000021
3.725581	6.255814	3.750805	0.000019
3.725581	6.353488	4.164975	0.000009
3.725581	6.451163	4.464746	0.000006

3.823256	2.348837	13.713174	0.000000
3.823256	2.446512	7.851046	0.000000
3.823256	2.544186	3.835831	0.000016
3.823256	2.641860	1.203140	0.001330
3.823256	2.739535	0.530400	0.004112
3.823256	2.837209	0.418333	0.004963
3.823256	2.934884	0.659787	0.003310
3.823256	3.032558	0.857737	0.002375
3.823256	3.130233	1.305751	0.001120
3.823256	3.227907	1.736208	0.000544
3.823256	3.325581	2.068674	0.000311
3.823256	3.423256	2.440367	0.000167
3.823256	3.520930	2.780144	0.000094
3.823256	3.618605	3.141709	0.000051
3.823256	3.716279	3.731202	0.000019
3.823256	3.813953	3.634465	0.000023
3.823256	3.911628	3.750678	0.000019
3.823256	4.009302	3.843646	0.000016
3.823256	4.106977	4.099799	0.000010
3.823256	4.204651	4.330415	0.000007
3.823256	4.302326	4.393722	0.000006
3.823256	4.400000	4.148749	0.000010
3.823256	4.497674	3.772541	0.000018
3.823256	4.595349	3.794582	0.000017
3.823256	4.693023	3.813068	0.000017
3.823256	4.790698	3.642614	0.000022
3.823256	4.888372	3.331889	0.000037
3.823256	4.986047	3.209776	0.000046
3.823256	5.083721	3.381956	0.000034
3.823256	5.181395	3.539807	0.000026
3.823256	5.279070	3.352320	0.000036
3.823256	5.376744	3.293977	0.000040
3.823256	5.474419	3.207604	0.000046
3.823256	5.572093	3.122313	0.000053
3.823256	5.669767	3.084335	0.000057
3.823256	5.767442	3.336536	0.000037
3.823256	5.865116	3.548112	0.000026
3.823256	5.962791	3.748699	0.000019
3.823256	6.060465	3.723097	0.000019
3.823256	6.158140	3.931629	0.000014
3.823256	6.255814	4.226372	0.000008
3.823256	6.353488	4.579952	0.000005
3.823256	6.451163	4.998934	0.000002

3.920930	2.348837	13.670784	0.000000
3.920930	2.446512	7.854309	0.000000
3.920930	2.544186	3.955075	0.000013
3.920930	2.641860	1.308179	0.001115
3.920930	2.739535	0.645491	0.003390
3.920930	2.837209	0.599281	0.003663
3.920930	2.934884	0.889207	0.002253
3.920930	3.032558	1.162507	0.001424
3.920930	3.130233	1.552181	0.000741
3.920930	3.227907	1.862797	0.000440
3.920930	3.325581	2.166108	0.000265
3.920930	3.423256	2.567799	0.000135
3.920930	3.520930	2.945964	0.000072
3.920930	3.618605	3.422346	0.000032
3.920930	3.716279	3.500632	0.000028
3.920930	3.813953	3.745821	0.000019
3.920930	3.911628	4.001844	0.000012
3.920930	4.009302	4.221223	0.000008
3.920930	4.106977	4.408970	0.000006
3.920930	4.204651	4.608380	0.000004
3.920930	4.302326	4.536907	0.000005
3.920930	4.400000	4.280950	0.000008
3.920930	4.497674	4.121236	0.000010
3.920930	4.595349	4.060521	0.000011
3.920930	4.693023	4.011008	0.000012
3.920930	4.790698	3.882841	0.000015
3.920930	4.888372	3.686408	0.000021
3.920930	4.986047	3.726804	0.000019
3.920930	5.083721	3.844087	0.000016
3.920930	5.181395	3.896114	0.000015
3.920930	5.279070	3.881790	0.000015
3.920930	5.376744	3.724144	0.000019
3.920930	5.474419	3.572232	0.000025
3.920930	5.572093	3.670933	0.000021
3.920930	5.669767	3.649587	0.000022
3.920930	5.767442	3.835903	0.000016
3.920930	5.865116	3.890374	0.000015
3.920930	5.962791	3.995552	0.000012
3.920930	6.060465	4.095659	0.000010
3.920930	6.158140	4.397642	0.000006
3.920930	6.255814	4.600098	0.000004
3.920930	6.353488	4.915963	0.000003
3.920930	6.451163	5.387446	0.000001

4.018605	2.348837	13.770024	0.000000
4.018605	2.446512	7.990573	0.000000
4.018605	2.544186	3.871270	0.000015
4.018605	2.641860	1.487328	0.000826
4.018605	2.739535	0.857982	0.002374
4.018605	2.837209	0.736174	0.002912
4.018605	2.934884	0.955475	0.002016
4.018605	3.032558	1.375809	0.000996
4.018605	3.130233	1.669123	0.000609
4.018605	3.227907	2.001849	0.000348
4.018605	3.325581	2.397784	0.000179
4.018605	3.423256	2.708199	0.000107
4.018605	3.520930	3.128477	0.000053
4.018605	3.618605	3.614168	0.000023
4.018605	3.716279	3.692771	0.000020
4.018605	3.813953	3.885492	0.000015
4.018605	3.911628	4.223226	0.000008
4.018605	4.009302	4.527601	0.000005
4.018605	4.106977	4.734101	0.000004
4.018605	4.204651	4.796260	0.000003
4.018605	4.302326	4.647378	0.000004
4.018605	4.400000	4.532426	0.000005
4.018605	4.497674	4.473103	0.000006
4.018605	4.595349	4.513870	0.000005
4.018605	4.693023	4.428640	0.000006
4.018605	4.790698	4.254569	0.000008
4.018605	4.888372	4.076796	0.000011
4.018605	4.986047	4.250471	0.000008
4.018605	5.083721	4.307861	0.000007
4.018605	5.181395	4.100906	0.000010
4.018605	5.279070	4.230812	0.000008
4.018605	5.376744	4.045557	0.000011
4.018605	5.474419	4.146476	0.000010
4.018605	5.572093	4.081273	0.000011
4.018605	5.669767	4.140854	0.000010
4.018605	5.767442	4.106065	0.000010
4.018605	5.865116	4.297234	0.000007
4.018605	5.962791	4.215194	0.000009
4.018605	6.060465	4.437959	0.000006
4.018605	6.158140	4.940625	0.000003
4.018605	6.255814	5.130105	0.000002
4.018605	6.353488	5.328431	0.000001
4.018605	6.451163	5.718588	0.000001

4.116279	2.348837	13.854158	0.000000
4.116279	2.446512	8.039669	0.000000
4.116279	2.544186	3.997250	0.000012
4.116279	2.641860	1.579807	0.000707
4.116279	2.739535	0.846114	0.002421
4.116279	2.837209	0.829358	0.002490
4.116279	2.934884	0.989307	0.001904
4.116279	3.032558	1.459589	0.000865
4.116279	3.130233	1.598826	0.000685
4.116279	3.227907	2.168297	0.000264
4.116279	3.325581	2.428293	0.000170
4.116279	3.423256	2.913249	0.000076
4.116279	3.520930	3.259239	0.000042
4.116279	3.618605	3.638428	0.000022
4.116279	3.716279	4.090387	0.000010
4.116279	3.813953	4.003412	0.000012
4.116279	3.911628	4.340189	0.000007
4.116279	4.009302	4.620751	0.000004
4.116279	4.106977	4.735112	0.000004
4.116279	4.204651	5.028836	0.000002
4.116279	4.302326	4.893797	0.000003
4.116279	4.400000	4.790881	0.000003
4.116279	4.497674	4.940345	0.000003
4.116279	4.595349	4.897505	0.000003
4.116279	4.693023	4.771930	0.000003
4.116279	4.790698	4.626680	0.000004
4.116279	4.888372	4.610851	0.000004
4.116279	4.986047	4.666877	0.000004
4.116279	5.083721	4.503087	0.000005
4.116279	5.181395	4.313978	0.000007
4.116279	5.279070	4.423835	0.000006
4.116279	5.376744	4.530323	0.000005
4.116279	5.474419	4.453664	0.000006
4.116279	5.572093	4.419219	0.000006
4.116279	5.669767	4.596108	0.000004
4.116279	5.767442	4.415624	0.000006
4.116279	5.865116	4.495881	0.000005
4.116279	5.962791	4.687695	0.000004
4.116279	6.060465	4.865864	0.000003
4.116279	6.158140	5.191889	0.000002
4.116279	6.255814	5.352889	0.000001
4.116279	6.353488	5.639853	0.000001
4.116279	6.451163	6.146701	0.000000

4.213953	2.348837	13.856379	0.000000
4.213953	2.446512	8.138085	0.000000
4.213953	2.544186	4.166793	0.000009
4.213953	2.641860	1.701152	0.000577
4.213953	2.739535	1.158258	0.001434
4.213953	2.837209	0.934915	0.002086
4.213953	2.934884	1.097962	0.001587
4.213953	3.032558	1.515642	0.000788
4.213953	3.130233	1.676342	0.000602
4.213953	3.227907	2.117961	0.000287
4.213953	3.325581	2.490807	0.000153
4.213953	3.423256	3.040403	0.000061
4.213953	3.520930	3.573718	0.000025
4.213953	3.618605	4.011875	0.000012
4.213953	3.716279	4.182197	0.000009
4.213953	3.813953	4.392279	0.000006
4.213953	3.911628	4.694862	0.000004
4.213953	4.009302	4.643163	0.000004
4.213953	4.106977	4.890116	0.000003
4.213953	4.204651	5.102237	0.000002
4.213953	4.302326	5.284171	0.000001
4.213953	4.400000	5.205445	0.000002
4.213953	4.497674	5.261581	0.000001
4.213953	4.595349	5.263304	0.000001
4.213953	4.693023	5.250561	0.000001
4.213953	4.790698	4.993083	0.000002
4.213953	4.888372	5.025273	0.000002
4.213953	4.986047	5.007569	0.000002
4.213953	5.083721	4.918496	0.000003
4.213953	5.181395	4.915885	0.000003
4.213953	5.279070	4.641547	0.000004
4.213953	5.376744	4.737865	0.000004
4.213953	5.474419	4.714861	0.000004
4.213953	5.572093	4.661731	0.000004
4.213953	5.669767	4.659066	0.000004
4.213953	5.767442	4.708512	0.000004
4.213953	5.865116	4.816322	0.000003
4.213953	5.962791	5.005142	0.000002
4.213953	6.060465	5.392069	0.000001
4.213953	6.158140	5.558365	0.000001
4.213953	6.255814	5.743055	0.000001
4.213953	6.353488	6.041448	0.000000
4.213953	6.451163	6.381106	0.000000

4.311628	2.348837	14.017030	0.000000
4.311628	2.446512	8.332880	0.000000
4.311628	2.544186	4.319740	0.000007
4.311628	2.641860	1.913611	0.000404
4.311628	2.739535	1.349316	0.001041
4.311628	2.837209	1.135023	0.001491
4.311628	2.934884	1.174476	0.001396
4.311628	3.032558	1.666982	0.000611
4.311628	3.130233	1.783261	0.000503
4.311628	3.227907	2.296341	0.000213
4.311628	3.325581	2.752719	0.000099
4.311628	3.423256	3.185424	0.000048
4.311628	3.520930	3.793603	0.000017
4.311628	3.618605	4.081618	0.000011
4.311628	3.716279	4.454858	0.000006
4.311628	3.813953	4.891114	0.000003
4.311628	3.911628	4.743143	0.000004
4.311628	4.009302	4.536367	0.000005
4.311628	4.106977	4.820577	0.000003
4.311628	4.204651	5.133344	0.000002
4.311628	4.302326	5.245900	0.000002
4.311628	4.400000	5.395105	0.000001
4.311628	4.497674	5.438912	0.000001
4.311628	4.595349	5.521232	0.000001
4.311628	4.693023	5.610609	0.000001
4.311628	4.790698	5.461580	0.000001
4.311628	4.888372	5.315790	0.000001
4.311628	4.986047	5.216547	0.000002
4.311628	5.083721	5.172554	0.000002
4.311628	5.181395	5.443613	0.000001
4.311628	5.279070	5.033103	0.000002
4.311628	5.376744	4.885643	0.000003
4.311628	5.474419	4.891870	0.000003
4.311628	5.572093	4.920674	0.000003
4.311628	5.669767	4.907068	0.000003
4.311628	5.767442	5.048376	0.000002
4.311628	5.865116	5.158331	0.000002
4.311628	5.962791	5.258032	0.000001
4.311628	6.060465	5.600486	0.000001
4.311628	6.158140	5.828954	0.000001
4.311628	6.255814	5.987896	0.000000
4.311628	6.353488	6.055183	0.000000
4.311628	6.451163	6.267118	0.000000

4.409302	2.348837	14.183809	0.000000
4.409302	2.446512	8.353023	0.000000
4.409302	2.544186	4.410960	0.000006
4.409302	2.641860	1.967531	0.000369
4.409302	2.739535	1.391621	0.000970
4.409302	2.837209	1.422893	0.000920
4.409302	2.934884	1.342921	0.001052
4.409302	3.032558	1.643302	0.000636
4.409302	3.130233	2.084191	0.000303
4.409302	3.227907	2.365708	0.000189
4.409302	3.325581	2.928539	0.000074
4.409302	3.423256	3.321135	0.000038
4.409302	3.520930	4.061886	0.000011
4.409302	3.618605	4.215955	0.000008
4.409302	3.716279	4.722436	0.000004
4.409302	3.813953	4.905489	0.000003
4.409302	3.911628	4.892962	0.000003
4.409302	4.009302	4.919124	0.000003
4.409302	4.106977	5.024166	0.000002
4.409302	4.204651	5.377561	0.000001
4.409302	4.302326	5.618567	0.000001
4.409302	4.400000	5.556467	0.000001
4.409302	4.497674	5.507359	0.000001
4.409302	4.595349	5.605494	0.000001
4.409302	4.693023	5.807573	0.000001
4.409302	4.790698	5.713844	0.000001
4.409302	4.888372	5.465627	0.000001
4.409302	4.986047	5.363180	0.000001
4.409302	5.083721	5.450684	0.000001
4.409302	5.181395	5.528952	0.000001
4.409302	5.279070	5.378440	0.000001
4.409302	5.376744	5.124314	0.000002
4.409302	5.474419	4.819485	0.000003
4.409302	5.572093	5.078864	0.000002
4.409302	5.669767	5.234879	0.000002
4.409302	5.767442	5.247698	0.000002
4.409302	5.865116	5.384803	0.000001
4.409302	5.962791	5.292853	0.000001
4.409302	6.060465	5.498815	0.000001
4.409302	6.158140	5.775944	0.000001
4.409302	6.255814	5.961990	0.000000
4.409302	6.353488	6.072410	0.000000
4.409302	6.451163	6.146675	0.000000

4.506977	2.348837	14.259323	0.000000
4.506977	2.446512	8.386301	0.000000
4.506977	2.544186	4.455655	0.000006
4.506977	2.641860	2.072695	0.000309
4.506977	2.739535	1.404260	0.000949
4.506977	2.837209	1.427944	0.000912
4.506977	2.934884	1.723019	0.000556
4.506977	3.032558	1.928466	0.000394
4.506977	3.130233	2.272221	0.000221
4.506977	3.227907	2.355779	0.000192
4.506977	3.325581	2.823365	0.000088
4.506977	3.423256	3.334081	0.000037
4.506977	3.520930	3.958669	0.000013
4.506977	3.618605	4.483043	0.000005
4.506977	3.716279	4.626034	0.000004
4.506977	3.813953	4.967540	0.000002
4.506977	3.911628	5.204946	0.000002
4.506977	4.009302	5.189846	0.000002
4.506977	4.106977	5.300766	0.000001
4.506977	4.204651	5.516502	0.000001
4.506977	4.302326	5.951579	0.000000
4.506977	4.400000	5.849972	0.000001
4.506977	4.497674	5.612082	0.000001
4.506977	4.595349	5.843994	0.000001
4.506977	4.693023	5.994584	0.000000
4.506977	4.790698	5.783938	0.000001
4.506977	4.888372	5.510247	0.000001
4.506977	4.986047	5.417928	0.000001
4.506977	5.083721	5.555122	0.000001
4.506977	5.181395	5.495380	0.000001
4.506977	5.279070	5.293155	0.000001
4.506977	5.376744	5.056873	0.000002
4.506977	5.474419	4.899328	0.000003
4.506977	5.572093	4.768691	0.000003
4.506977	5.669767	4.998929	0.000002
4.506977	5.767442	5.139887	0.000002
4.506977	5.865116	5.243204	0.000002
4.506977	5.962791	5.255093	0.000001
4.506977	6.060465	5.371606	0.000001
4.506977	6.158140	5.559807	0.000001
4.506977	6.255814	5.995231	0.000000
4.506977	6.353488	6.007249	0.000000
4.506977	6.451163	6.178810	0.000000

4.604651	2.348837	14.194601	0.000000
4.604651	2.446512	8.477000	0.000000
4.604651	2.544186	4.477296	0.000005
4.604651	2.641860	2.126455	0.000283
4.604651	2.739535	1.578923	0.000708
4.604651	2.837209	1.518370	0.000784
4.604651	2.934884	1.861112	0.000441
4.604651	3.032558	2.076962	0.000307
4.604651	3.130233	2.538441	0.000142
4.604651	3.227907	2.716708	0.000105
4.604651	3.325581	2.795891	0.000092
4.604651	3.423256	3.413699	0.000033
4.604651	3.520930	3.978395	0.000013
4.604651	3.618605	4.638310	0.000004
4.604651	3.716279	4.834742	0.000003
4.604651	3.813953	4.904777	0.000003
4.604651	3.911628	5.350799	0.000001
4.604651	4.009302	5.305332	0.000001
4.604651	4.106977	5.497721	0.000001
4.604651	4.204651	5.715767	0.000001
4.604651	4.302326	6.201575	0.000000
4.604651	4.400000	5.985562	0.000000
4.604651	4.497674	5.869914	0.000001
4.604651	4.595349	6.239023	0.000000
4.604651	4.693023	6.168307	0.000000
4.604651	4.790698	5.819547	0.000001
4.604651	4.888372	5.442205	0.000001
4.604651	4.986047	5.297731	0.000001
4.604651	5.083721	5.484997	0.000001
4.604651	5.181395	5.457896	0.000001
4.604651	5.279070	5.258332	0.000001
4.604651	5.376744	4.978763	0.000002
4.604651	5.474419	4.979562	0.000002
4.604651	5.572093	4.816265	0.000003
4.604651	5.669767	4.740453	0.000004
4.604651	5.767442	4.933417	0.000003
4.604651	5.865116	5.146390	0.000002
4.604651	5.962791	5.112078	0.000002
4.604651	6.060465	5.229088	0.000002
4.604651	6.158140	5.315263	0.000001
4.604651	6.255814	5.685115	0.000001
4.604651	6.353488	5.878742	0.000001
4.604651	6.451163	6.008336	0.000000

4.702326	2.348837	14.018608	0.000000
4.702326	2.446512	8.342689	0.000000
4.702326	2.544186	4.473843	0.000006
4.702326	2.641860	2.159067	0.000268
4.702326	2.739535	1.656874	0.000622
4.702326	2.837209	1.664922	0.000613
4.702326	2.934884	1.725035	0.000554
4.702326	3.032558	2.182793	0.000257
4.702326	3.130233	2.643668	0.000119
4.702326	3.227907	2.936126	0.000073
4.702326	3.325581	3.083162	0.000057
4.702326	3.423256	3.513289	0.000028
4.702326	3.520930	4.021195	0.000012
4.702326	3.618605	4.654063	0.000004
4.702326	3.716279	5.162008	0.000002
4.702326	3.813953	5.237379	0.000002
4.702326	3.911628	5.497759	0.000001
4.702326	4.009302	5.462025	0.000001
4.702326	4.106977	5.523782	0.000001
4.702326	4.204651	5.850887	0.000001
4.702326	4.302326	6.104615	0.000000
4.702326	4.400000	5.921125	0.000000
4.702326	4.497674	5.979682	0.000000
4.702326	4.595349	6.474997	0.000000
4.702326	4.693023	6.418634	0.000000
4.702326	4.790698	6.122186	0.000000
4.702326	4.888372	6.018526	0.000000
4.702326	4.986047	5.667444	0.000001
4.702326	5.083721	5.774671	0.000001
4.702326	5.181395	5.821438	0.000001
4.702326	5.279070	5.409990	0.000001
4.702326	5.376744	5.133436	0.000002
4.702326	5.474419	4.908081	0.000003
4.702326	5.572093	4.839791	0.000003
4.702326	5.669767	4.825538	0.000003
4.702326	5.767442	4.825911	0.000003
4.702326	5.865116	5.108562	0.000002
4.702326	5.962791	5.139217	0.000002
4.702326	6.060465	5.194471	0.000002
4.702326	6.158140	5.247543	0.000002
4.702326	6.255814	5.474436	0.000001
4.702326	6.353488	5.720045	0.000001
4.702326	6.451163	5.970191	0.000000

4.800000	2.348837	13.944899	0.000000
4.800000	2.446512	8.269706	0.000000
4.800000	2.544186	4.429238	0.000006
4.800000	2.641860	2.084368	0.000303
4.800000	2.739535	1.510809	0.000794
4.800000	2.837209	1.496637	0.000813
4.800000	2.934884	1.612626	0.000669
4.800000	3.032558	2.096136	0.000297
4.800000	3.130233	2.660564	0.000115
4.800000	3.227907	2.996386	0.000066
4.800000	3.325581	3.111835	0.000054
4.800000	3.423256	3.597455	0.000024
4.800000	3.520930	4.103530	0.000010
4.800000	3.618605	4.508058	0.000005
4.800000	3.716279	5.213620	0.000002
4.800000	3.813953	5.373495	0.000001
4.800000	3.911628	5.867365	0.000001
4.800000	4.009302	5.839167	0.000001
4.800000	4.106977	5.970552	0.000000
4.800000	4.204651	5.895786	0.000001
4.800000	4.302326	5.876457	0.000001
4.800000	4.400000	5.975059	0.000000
4.800000	4.497674	5.908524	0.000000
4.800000	4.595349	6.421180	0.000000
4.800000	4.693023	6.462533	0.000000
4.800000	4.790698	6.529583	0.000000
4.800000	4.888372	6.428385	0.000000
4.800000	4.986047	6.029778	0.000000
4.800000	5.083721	5.993596	0.000000
4.800000	5.181395	5.732829	0.000001
4.800000	5.279070	5.384241	0.000001
4.800000	5.376744	5.060026	0.000002
4.800000	5.474419	4.891999	0.000003
4.800000	5.572093	4.838015	0.000003
4.800000	5.669767	4.910310	0.000003
4.800000	5.767442	5.051025	0.000002
4.800000	5.865116	5.106258	0.000002
4.800000	5.962791	5.137716	0.000002
4.800000	6.060465	5.160470	0.000002
4.800000	6.158140	5.439683	0.000001
4.800000	6.255814	5.529981	0.000001
4.800000	6.353488	5.830389	0.000001
4.800000	6.451163	6.072270	0.000000

4.897674	2.348837	13.980358	0.000000
4.897674	2.446512	8.129678	0.000000
4.897674	2.544186	4.232436	0.000008
4.897674	2.641860	1.964161	0.000371
4.897674	2.739535	1.329094	0.001077
4.897674	2.837209	1.291121	0.001148
4.897674	2.934884	1.594636	0.000690
4.897674	3.032558	1.985965	0.000358
4.897674	3.130233	2.415860	0.000174
4.897674	3.227907	2.888639	0.000079
4.897674	3.325581	3.438565	0.000031
4.897674	3.423256	3.799056	0.000017
4.897674	3.520930	4.125902	0.000010
4.897674	3.618605	4.379275	0.000006
4.897674	3.716279	5.011388	0.000002
4.897674	3.813953	5.450870	0.000001
4.897674	3.911628	5.508906	0.000001
4.897674	4.009302	5.927411	0.000000
4.897674	4.106977	6.123038	0.000000
4.897674	4.204651	6.231397	0.000000
4.897674	4.302326	6.451925	0.000000
4.897674	4.400000	6.358429	0.000000
4.897674	4.497674	5.930743	0.000000
4.897674	4.595349	6.135147	0.000000
4.897674	4.693023	6.398041	0.000000
4.897674	4.790698	6.274941	0.000000
4.897674	4.888372	6.134345	0.000000
4.897674	4.986047	5.741991	0.000001
4.897674	5.083721	5.685952	0.000001
4.897674	5.181395	5.431202	0.000001
4.897674	5.279070	5.311716	0.000001
4.897674	5.376744	5.197653	0.000002
4.897674	5.474419	4.989402	0.000002
4.897674	5.572093	4.694022	0.000004
4.897674	5.669767	4.577224	0.000005
4.897674	5.767442	4.550710	0.000005
4.897674	5.865116	4.670131	0.000004
4.897674	5.962791	4.793187	0.000003
4.897674	6.060465	5.003551	0.000002
4.897674	6.158140	5.243164	0.000002
4.897674	6.255814	5.451041	0.000001
4.897674	6.353488	5.632164	0.000001
4.897674	6.451163	5.772904	0.000001

4.995349	2.348837	14.068803	0.000000
4.995349	2.446512	8.137589	0.000000
4.995349	2.544186	4.204500	0.000009
4.995349	2.641860	1.949149	0.000381
4.995349	2.739535	1.413904	0.000934
4.995349	2.837209	1.303247	0.001125
4.995349	2.934884	1.571315	0.000717
4.995349	3.032558	1.957360	0.000375
4.995349	3.130233	2.320130	0.000204
4.995349	3.227907	2.747293	0.000100
4.995349	3.325581	3.199112	0.000047
4.995349	3.423256	3.800622	0.000017
4.995349	3.520930	4.339727	0.000007
4.995349	3.618605	4.712260	0.000004
4.995349	3.716279	5.192729	0.000002
4.995349	3.813953	5.239690	0.000002
4.995349	3.911628	5.392186	0.000001
4.995349	4.009302	5.898072	0.000001
4.995349	4.106977	5.970752	0.000000
4.995349	4.204651	6.119920	0.000000
4.995349	4.302326	6.512565	0.000000
4.995349	4.400000	6.400681	0.000000
4.995349	4.497674	6.350311	0.000000
4.995349	4.595349	6.110103	0.000000
4.995349	4.693023	6.313310	0.000000
4.995349	4.790698	6.132320	0.000000
4.995349	4.888372	5.734474	0.000001
4.995349	4.986047	5.745088	0.000001
4.995349	5.083721	5.534789	0.000001
4.995349	5.181395	5.240456	0.000002
4.995349	5.279070	5.104054	0.000002
4.995349	5.376744	5.079587	0.000002
4.995349	5.474419	4.951680	0.000002
4.995349	5.572093	4.710733	0.000004
4.995349	5.669767	4.364490	0.000007
4.995349	5.767442	4.405717	0.000006
4.995349	5.865116	4.493965	0.000005
4.995349	5.962791	4.543528	0.000005
4.995349	6.060465	4.641865	0.000004
4.995349	6.158140	5.053865	0.000002
4.995349	6.255814	5.270972	0.000001
4.995349	6.353488	5.398748	0.000001
4.995349	6.451163	5.601428	0.000001

5.093023	2.348837	14.267775	0.000000
5.093023	2.446512	8.435980	0.000000
5.093023	2.544186	4.431604	0.000006
5.093023	2.641860	1.965425	0.000370
5.093023	2.739535	1.487449	0.000826
5.093023	2.837209	1.389303	0.000974
5.093023	2.934884	1.664072	0.000614
5.093023	3.032558	1.996722	0.000351
5.093023	3.130233	2.454088	0.000163
5.093023	3.227907	2.846413	0.000085
5.093023	3.325581	3.124835	0.000053
5.093023	3.423256	3.728839	0.000019
5.093023	3.520930	4.465182	0.000006
5.093023	3.618605	4.653732	0.000004
5.093023	3.716279	5.061823	0.000002
5.093023	3.813953	5.413274	0.000001
5.093023	3.911628	5.743389	0.000001
5.093023	4.009302	5.996798	0.000000
5.093023	4.106977	6.129854	0.000000
5.093023	4.204651	5.982543	0.000000
5.093023	4.302326	6.331229	0.000000
5.093023	4.400000	6.387084	0.000000
5.093023	4.497674	6.447921	0.000000
5.093023	4.595349	6.390467	0.000000
5.093023	4.693023	6.232647	0.000000
5.093023	4.790698	6.034816	0.000000
5.093023	4.888372	5.564761	0.000001
5.093023	4.986047	5.282478	0.000001
5.093023	5.083721	4.973731	0.000002
5.093023	5.181395	4.886617	0.000003
5.093023	5.279070	4.775095	0.000003
5.093023	5.376744	4.516509	0.000005
5.093023	5.474419	4.390248	0.000006
5.093023	5.572093	4.362912	0.000007
5.093023	5.669767	4.140574	0.000010
5.093023	5.767442	4.214845	0.000009
5.093023	5.865116	4.050901	0.000011
5.093023	5.962791	4.166051	0.000009
5.093023	6.060465	4.405050	0.000006
5.093023	6.158140	4.741352	0.000004
5.093023	6.255814	4.991384	0.000002
5.093023	6.353488	5.094646	0.000002
5.093023	6.451163	5.482765	0.000001

5.190698	2.348837	14.186160	0.000000
5.190698	2.446512	8.489789	0.000000
5.190698	2.544186	4.325386	0.000007
5.190698	2.641860	1.801799	0.000487
5.190698	2.739535	1.241044	0.001248
5.190698	2.837209	1.315610	0.001102
5.190698	2.934884	1.454444	0.000873
5.190698	3.032558	1.826238	0.000468
5.190698	3.130233	2.327250	0.000202
5.190698	3.227907	2.616852	0.000124
5.190698	3.325581	3.066883	0.000058
5.190698	3.423256	3.557524	0.000026
5.190698	3.520930	4.239363	0.000008
5.190698	3.618605	4.566750	0.000005
5.190698	3.716279	4.755943	0.000003
5.190698	3.813953	5.255786	0.000001
5.190698	3.911628	5.564283	0.000001
5.190698	4.009302	5.936728	0.000000
5.190698	4.106977	6.395734	0.000000
5.190698	4.204651	6.257477	0.000000
5.190698	4.302326	6.087150	0.000000
5.190698	4.400000	6.291488	0.000000
5.190698	4.497674	6.382444	0.000000
5.190698	4.595349	6.383956	0.000000
5.190698	4.693023	6.132099	0.000000
5.190698	4.790698	5.604815	0.000001
5.190698	4.888372	5.259312	0.000001
5.190698	4.986047	5.152068	0.000002
5.190698	5.083721	4.930291	0.000003
5.190698	5.181395	4.622568	0.000004
5.190698	5.279070	4.494749	0.000005
5.190698	5.376744	4.339237	0.000007
5.190698	5.474419	4.161993	0.000009
5.190698	5.572093	4.249202	0.000008
5.190698	5.669767	4.136633	0.000010
5.190698	5.767442	3.988391	0.000012
5.190698	5.865116	3.828381	0.000016
5.190698	5.962791	3.785159	0.000017
5.190698	6.060465	4.017107	0.000012
5.190698	6.158140	4.190066	0.000009
5.190698	6.255814	4.381887	0.000006
5.190698	6.353488	4.563345	0.000005
5.190698	6.451163	4.924382	0.000003

5.288372	2.348837	13.917818	0.000000
5.288372	2.446512	8.161937	0.000000
5.288372	2.544186	4.125628	0.000010
5.288372	2.641860	1.657633	0.000621
5.288372	2.739535	1.125440	0.001516
5.288372	2.837209	1.123597	0.001520
5.288372	2.934884	1.294493	0.001141
5.288372	3.032558	1.735840	0.000544
5.288372	3.130233	2.121844	0.000285
5.288372	3.227907	2.433972	0.000169
5.288372	3.325581	2.997849	0.000066
5.288372	3.423256	3.460856	0.000030
5.288372	3.520930	4.134701	0.000010
5.288372	3.618605	4.518456	0.000005
5.288372	3.716279	4.635297	0.000004
5.288372	3.813953	5.039746	0.000002
5.288372	3.911628	5.387263	0.000001
5.288372	4.009302	5.592999	0.000001
5.288372	4.106977	6.236387	0.000000
5.288372	4.204651	6.152748	0.000000
5.288372	4.302326	5.886444	0.000001
5.288372	4.400000	6.234698	0.000000
5.288372	4.497674	6.246267	0.000000
5.288372	4.595349	5.943254	0.000000
5.288372	4.693023	5.819906	0.000001
5.288372	4.790698	5.612115	0.000001
5.288372	4.888372	5.255362	0.000001
5.288372	4.986047	4.993839	0.000002
5.288372	5.083721	4.785582	0.000003
5.288372	5.181395	4.537701	0.000005
5.288372	5.279070	4.428740	0.000006
5.288372	5.376744	4.275545	0.000008
5.288372	5.474419	4.061402	0.000011
5.288372	5.572093	4.012859	0.000012
5.288372	5.669767	3.914095	0.000014
5.288372	5.767442	3.787691	0.000017
5.288372	5.865116	3.732680	0.000019
5.288372	5.962791	3.594451	0.000024
5.288372	6.060465	3.591456	0.000024
5.288372	6.158140	3.671731	0.000021
5.288372	6.255814	4.070448	0.000011
5.288372	6.353488	4.379422	0.000006
5.288372	6.451163	4.693019	0.000004

5.386047	2.348837	13.808628	0.000000
5.386047	2.446512	8.072335	0.000000
5.386047	2.544186	4.049852	0.000011
5.386047	2.641860	1.660299	0.000618
5.386047	2.739535	1.045925	0.001732
5.386047	2.837209	0.940401	0.002067
5.386047	2.934884	1.146411	0.001463
5.386047	3.032558	1.532807	0.000765
5.386047	3.130233	1.837952	0.000459
5.386047	3.227907	2.273871	0.000221
5.386047	3.325581	2.724268	0.000104
5.386047	3.423256	3.250799	0.000043
5.386047	3.520930	3.803101	0.000017
5.386047	3.618605	4.229199	0.000008
5.386047	3.716279	4.622659	0.000004
5.386047	3.813953	4.874684	0.000003
5.386047	3.911628	5.106575	0.000002
5.386047	4.009302	5.509160	0.000001
5.386047	4.106977	6.005265	0.000000
5.386047	4.204651	6.124698	0.000000
5.386047	4.302326	5.962598	0.000000
5.386047	4.400000	6.119253	0.000000
5.386047	4.497674	5.980376	0.000000
5.386047	4.595349	5.606515	0.000001
5.386047	4.693023	5.570086	0.000001
5.386047	4.790698	5.415674	0.000001
5.386047	4.888372	5.228677	0.000002
5.386047	4.986047	4.840235	0.000003
5.386047	5.083721	4.604924	0.000004
5.386047	5.181395	4.379476	0.000006
5.386047	5.279070	4.256844	0.000008
5.386047	5.376744	4.128558	0.000010
5.386047	5.474419	3.793812	0.000017
5.386047	5.572093	3.666055	0.000021
5.386047	5.669767	3.556401	0.000026
5.386047	5.767442	3.442459	0.000031
5.386047	5.865116	3.471769	0.000030
5.386047	5.962791	3.473128	0.000030
5.386047	6.060465	3.483180	0.000029
5.386047	6.158140	3.529514	0.000027
5.386047	6.255814	3.718597	0.000020
5.386047	6.353488	4.130784	0.000010
5.386047	6.451163	4.417194	0.000006

5.483721	2.348837	13.837696	0.000000
5.483721	2.446512	8.013133	0.000000
5.483721	2.544186	3.939367	0.000014
5.483721	2.641860	1.522865	0.000778
5.483721	2.739535	0.866236	0.002341
5.483721	2.837209	0.762156	0.002788
5.483721	2.934884	0.916969	0.002150
5.483721	3.032558	1.261025	0.001207
5.483721	3.130233	1.638191	0.000641
5.483721	3.227907	2.071093	0.000310
5.483721	3.325581	2.513116	0.000148
5.483721	3.423256	3.042949	0.000061
5.483721	3.520930	3.490562	0.000029
5.483721	3.618605	3.951028	0.000013
5.483721	3.716279	4.340494	0.000007
5.483721	3.813953	4.601533	0.000004
5.483721	3.911628	4.661392	0.000004
5.483721	4.009302	5.113499	0.000002
5.483721	4.106977	5.590380	0.000001
5.483721	4.204651	6.014915	0.000000
5.483721	4.302326	5.832047	0.000001
5.483721	4.400000	5.827517	0.000001
5.483721	4.497674	5.758953	0.000001
5.483721	4.595349	5.526983	0.000001
5.483721	4.693023	5.574745	0.000001
5.483721	4.790698	5.121547	0.000002
5.483721	4.888372	4.789445	0.000003
5.483721	4.986047	4.355471	0.000007
5.483721	5.083721	4.067639	0.000011
5.483721	5.181395	3.902141	0.000014
5.483721	5.279070	3.947258	0.000013
5.483721	5.376744	3.850202	0.000016
5.483721	5.474419	3.544522	0.000026
5.483721	5.572093	3.301879	0.000039
5.483721	5.669767	3.278166	0.000041
5.483721	5.767442	3.158809	0.000050
5.483721	5.865116	3.148870	0.000051
5.483721	5.962791	3.226986	0.000045
5.483721	6.060465	3.290486	0.000040
5.483721	6.158140	3.333906	0.000037
5.483721	6.255814	3.507115	0.000028
5.483721	6.353488	3.820268	0.000016
5.483721	6.451163	3.968644	0.000013

5.581395	2.348837	13.842015	0.000000
5.581395	2.446512	8.004553	0.000000
5.581395	2.544186	4.011414	0.000012
5.581395	2.641860	1.481531	0.000834
5.581395	2.739535	0.770635	0.002748
5.581395	2.837209	0.631952	0.003468
5.581395	2.934884	0.851121	0.002401
5.581395	3.032558	1.123488	0.001521
5.581395	3.130233	1.575825	0.000712
5.581395	3.227907	2.069998	0.000311
5.581395	3.325581	2.294118	0.000213
5.581395	3.423256	2.862668	0.000082
5.581395	3.520930	3.299005	0.000040
5.581395	3.618605	3.741651	0.000019
5.581395	3.716279	4.144714	0.000010
5.581395	3.813953	4.359270	0.000007
5.581395	3.911628	4.415217	0.000006
5.581395	4.009302	4.745852	0.000003
5.581395	4.106977	5.207409	0.000002
5.581395	4.204651	5.384295	0.000001
5.581395	4.302326	5.627334	0.000001
5.581395	4.400000	5.633608	0.000001
5.581395	4.497674	5.564676	0.000001
5.581395	4.595349	5.282560	0.000001
5.581395	4.693023	5.008432	0.000002
5.581395	4.790698	4.831151	0.000003
5.581395	4.888372	4.664699	0.000004
5.581395	4.986047	4.367597	0.000007
5.581395	5.083721	3.982401	0.000013
5.581395	5.181395	3.716977	0.000020
5.581395	5.279070	3.662092	0.000022
5.581395	5.376744	3.437582	0.000031
5.581395	5.474419	3.359094	0.000036
5.581395	5.572093	3.122837	0.000053
5.581395	5.669767	3.043613	0.000061
5.581395	5.767442	2.978567	0.000068
5.581395	5.865116	2.979471	0.000068
5.581395	5.962791	2.947172	0.000071
5.581395	6.060465	2.998857	0.000065
5.581395	6.158140	3.112294	0.000054
5.581395	6.255814	3.216480	0.000045
5.581395	6.353488	3.458455	0.000030
5.581395	6.451163	3.654866	0.000022

5.679070	2.348837	13.830822	0.000000
5.679070	2.446512	7.909892	0.000000
5.679070	2.544186	3.890207	0.000015
5.679070	2.641860	1.595394	0.000689
5.679070	2.739535	0.563915	0.003887
5.679070	2.837209	0.536841	0.004068
5.679070	2.934884	0.633628	0.003458
5.679070	3.032558	0.962287	0.001993
5.679070	3.130233	1.445202	0.000886
5.679070	3.227907	1.940086	0.000386
5.679070	3.325581	2.181025	0.000258
5.679070	3.423256	2.704019	0.000107
5.679070	3.520930	3.188297	0.000048
5.679070	3.618605	3.555807	0.000026
5.679070	3.716279	3.658676	0.000022
5.679070	3.813953	3.924490	0.000014
5.679070	3.911628	4.127107	0.000010
5.679070	4.009302	4.651042	0.000004
5.679070	4.106977	5.082123	0.000002
5.679070	4.204651	5.247690	0.000002
5.679070	4.302326	5.478781	0.000001
5.679070	4.400000	5.700478	0.000001
5.679070	4.497674	5.475309	0.000001
5.679070	4.595349	4.974629	0.000002
5.679070	4.693023	4.900604	0.000003
5.679070	4.790698	4.543135	0.000005
5.679070	4.888372	4.364258	0.000007
5.679070	4.986047	4.126061	0.000010
5.679070	5.083721	3.848718	0.000016
5.679070	5.181395	3.444813	0.000031
5.679070	5.279070	3.109660	0.000054
5.679070	5.376744	2.786191	0.000093
5.679070	5.474419	2.794503	0.000092
5.679070	5.572093	2.787935	0.000093
5.679070	5.669767	2.689714	0.000110
5.679070	5.767442	2.737221	0.000101
5.679070	5.865116	2.697762	0.000108
5.679070	5.962791	2.485251	0.000155
5.679070	6.060465	2.624686	0.000123
5.679070	6.158140	2.835327	0.000086
5.679070	6.255814	2.909489	0.000076
5.679070	6.353488	3.132260	0.000052
5.679070	6.451163	3.378178	0.000035

5.776744	2.348837	13.882310	0.000000
5.776744	2.446512	7.914318	0.000000
5.776744	2.544186	3.854661	0.000016
5.776744	2.641860	1.335661	0.001065
5.776744	2.739535	0.493395	0.004375
5.776744	2.837209	0.360328	0.005470
5.776744	2.934884	0.521548	0.004174
5.776744	3.032558	0.792518	0.002649
5.776744	3.130233	1.215687	0.001303
5.776744	3.227907	1.675140	0.000603
5.776744	3.325581	2.044561	0.000324
5.776744	3.423256	2.348452	0.000195
5.776744	3.520930	2.779158	0.000095
5.776744	3.618605	3.172044	0.000049
5.776744	3.716279	3.519839	0.000027
5.776744	3.813953	3.878339	0.000015
5.776744	3.911628	4.080518	0.000011
5.776744	4.009302	4.463704	0.000006
5.776744	4.106977	4.834260	0.000003
5.776744	4.204651	4.946040	0.000002
5.776744	4.302326	4.999370	0.000002
5.776744	4.400000	5.361173	0.000001
5.776744	4.497674	5.083679	0.000002
5.776744	4.595349	4.747700	0.000003
5.776744	4.693023	4.533552	0.000005
5.776744	4.790698	4.202779	0.000009
5.776744	4.888372	3.838704	0.000016
5.776744	4.986047	3.702000	0.000020
5.776744	5.083721	3.450509	0.000031
5.776744	5.181395	3.010252	0.000064
5.776744	5.279070	2.810693	0.000090
5.776744	5.376744	2.652315	0.000117
5.776744	5.474419	2.570920	0.000134
5.776744	5.572093	2.450751	0.000164
5.776744	5.669767	2.373429	0.000187
5.776744	5.767442	2.351401	0.000194
5.776744	5.865116	2.360054	0.000191
5.776744	5.962791	2.224080	0.000240
5.776744	6.060465	2.365967	0.000189
5.776744	6.158140	2.542034	0.000141
5.776744	6.255814	2.658520	0.000116
5.776744	6.353488	2.857901	0.000083
5.776744	6.451163	3.069760	0.000058

5.874419	2.348837	13.810504	0.000000
5.874419	2.446512	7.862361	0.000000
5.874419	2.544186	3.883058	0.000015
5.874419	2.641860	1.242545	0.001245
5.874419	2.739535	0.427318	0.004888
5.874419	2.837209	0.205677	0.007090
5.874419	2.934884	0.318469	0.005867
5.874419	3.032558	0.607161	0.003615
5.874419	3.130233	1.034954	0.001764
5.874419	3.227907	1.477702	0.000839
5.874419	3.325581	1.880224	0.000427
5.874419	3.423256	2.092052	0.000300
5.874419	3.520930	2.570834	0.000134
5.874419	3.618605	2.994033	0.000066
5.874419	3.716279	3.427145	0.000032
5.874419	3.813953	3.876134	0.000015
5.874419	3.911628	4.014569	0.000012
5.874419	4.009302	4.199032	0.000009
5.874419	4.106977	4.580679	0.000005
5.874419	4.204651	4.673351	0.000004
5.874419	4.302326	4.641619	0.000004
5.874419	4.400000	4.999494	0.000002
5.874419	4.497674	4.815143	0.000003
5.874419	4.595349	4.598114	0.000004
5.874419	4.693023	4.351314	0.000007
5.874419	4.790698	3.861761	0.000015
5.874419	4.888372	3.528396	0.000027
5.874419	4.986047	3.381384	0.000034
5.874419	5.083721	3.124773	0.000053
5.874419	5.181395	2.777306	0.000095
5.874419	5.279070	2.532676	0.000143
5.874419	5.376744	2.425687	0.000171
5.874419	5.474419	2.258728	0.000226
5.874419	5.572093	2.127849	0.000282
5.874419	5.669767	2.035065	0.000330
5.874419	5.767442	2.073033	0.000309
5.874419	5.865116	2.150253	0.000272
5.874419	5.962791	2.000926	0.000349
5.874419	6.060465	2.171519	0.000262
5.874419	6.158140	2.322128	0.000204
5.874419	6.255814	2.402377	0.000178
5.874419	6.353488	2.669983	0.000114
5.874419	6.451163	2.874360	0.000081

5.972093	2.348837	13.983627	0.000000
5.972093	2.446512	8.113581	0.000000
5.972093	2.544186	4.050352	0.000011
5.972093	2.641860	1.381725	0.000986
5.972093	2.739535	0.418510	0.004961
5.972093	2.837209	0.111750	0.008299
5.972093	2.934884	0.212327	0.007011
5.972093	3.032558	0.489937	0.004401
5.972093	3.130233	0.861727	0.002359
5.972093	3.227907	1.316052	0.001101
5.972093	3.325581	1.550308	0.000743
5.972093	3.423256	1.898139	0.000415
5.972093	3.520930	2.328191	0.000202
5.972093	3.618605	2.883681	0.000079
5.972093	3.716279	3.331094	0.000037
5.972093	3.813953	3.696225	0.000020
5.972093	3.911628	3.854113	0.000016
5.972093	4.009302	4.088366	0.000011
5.972093	4.106977	4.361488	0.000007
5.972093	4.204651	4.479007	0.000005
5.972093	4.302326	4.435547	0.000006
5.972093	4.400000	4.499596	0.000005
5.972093	4.497674	4.588974	0.000005
5.972093	4.595349	4.387220	0.000006
5.972093	4.693023	3.984396	0.000013
5.972093	4.790698	3.570691	0.000025
5.972093	4.888372	3.312546	0.000039
5.972093	4.986047	3.033968	0.000062
5.972093	5.083721	2.797324	0.000092
5.972093	5.181395	2.546303	0.000140
5.972093	5.279070	2.239200	0.000234
5.972093	5.376744	2.219316	0.000242
5.972093	5.474419	2.001996	0.000348
5.972093	5.572093	1.849251	0.000450
5.972093	5.669767	1.827556	0.000467
5.972093	5.767442	1.874114	0.000432
5.972093	5.865116	1.927143	0.000395
5.972093	5.962791	1.797534	0.000491
5.972093	6.060465	2.033391	0.000330
5.972093	6.158140	2.102338	0.000294
5.972093	6.255814	2.262496	0.000225
5.972093	6.353488	2.358731	0.000191
5.972093	6.451163	2.759605	0.000098

6.069767	2.348837	13.775490	0.000000
6.069767	2.446512	8.003852	0.000000
6.069767	2.544186	4.058945	0.000011
6.069767	2.641860	1.435434	0.000901
6.069767	2.739535	0.549859	0.003980
6.069767	2.837209	0.268221	0.006383
6.069767	2.934884	0.290706	0.006147
6.069767	3.032558	0.511122	0.004247
6.069767	3.130233	0.795489	0.002636
6.069767	3.227907	1.076057	0.001646
6.069767	3.325581	1.388514	0.000975
6.069767	3.423256	1.760095	0.000523
6.069767	3.520930	2.130077	0.000281
6.069767	3.618605	2.656780	0.000116
6.069767	3.716279	3.086952	0.000056
6.069767	3.813953	3.421624	0.000032
6.069767	3.911628	3.645668	0.000022
6.069767	4.009302	3.973269	0.000013
6.069767	4.106977	4.103265	0.000010
6.069767	4.204651	4.200526	0.000009
6.069767	4.302326	4.190881	0.000009
6.069767	4.400000	4.279308	0.000008
6.069767	4.497674	4.313505	0.000007
6.069767	4.595349	4.026476	0.000012
6.069767	4.693023	3.698983	0.000020
6.069767	4.790698	3.444166	0.000031
6.069767	4.888372	3.126839	0.000053
6.069767	4.986047	2.927792	0.000074
6.069767	5.083721	2.486612	0.000155
6.069767	5.181395	2.255569	0.000228
6.069767	5.279070	2.103165	0.000294
6.069767	5.376744	1.910186	0.000406
6.069767	5.474419	1.678038	0.000600
6.069767	5.572093	1.552580	0.000740
6.069767	5.669767	1.553380	0.000739
6.069767	5.767442	1.591956	0.000693
6.069767	5.865116	1.638908	0.000641
6.069767	5.962791	1.503186	0.000804
6.069767	6.060465	1.781813	0.000504
6.069767	6.158140	1.864126	0.000439
6.069767	6.255814	2.085773	0.000303
6.069767	6.353488	2.095882	0.000298
6.069767	6.451163	2.364265	0.000190

6.167442	2.348837	13.564917	0.000000
6.167442	2.446512	7.915139	0.000000
6.167442	2.544186	3.864087	0.000015
6.167442	2.641860	1.293100	0.001144
6.167442	2.739535	0.670365	0.003252
6.167442	2.837209	0.417626	0.004968
6.167442	2.934884	0.333967	0.005717
6.167442	3.032558	0.453760	0.004676
6.167442	3.130233	0.750031	0.002845
6.167442	3.227907	1.079147	0.001638
6.167442	3.325581	1.354969	0.001031
6.167442	3.423256	1.647034	0.000632
6.167442	3.520930	2.111798	0.000290
6.167442	3.618605	2.489242	0.000154
6.167442	3.716279	2.953049	0.000071
6.167442	3.813953	3.360106	0.000036
6.167442	3.911628	3.471501	0.000030
6.167442	4.009302	3.791337	0.000017
6.167442	4.106977	4.024337	0.000012
6.167442	4.204651	3.987183	0.000012
6.167442	4.302326	3.988718	0.000012
6.167442	4.400000	4.124789	0.000010
6.167442	4.497674	4.090959	0.000010
6.167442	4.595349	3.916508	0.000014
6.167442	4.693023	3.586331	0.000024
6.167442	4.790698	3.367029	0.000035
6.167442	4.888372	2.854340	0.000083
6.167442	4.986047	2.776929	0.000095
6.167442	5.083721	2.265298	0.000224
6.167442	5.181395	2.036787	0.000329
6.167442	5.279070	2.012277	0.000342
6.167442	5.376744	1.729084	0.000551
6.167442	5.474419	1.565658	0.000724
6.167442	5.572093	1.420989	0.000923
6.167442	5.669767	1.416529	0.000930
6.167442	5.767442	1.406886	0.000945
6.167442	5.865116	1.437330	0.000898
6.167442	5.962791	1.406449	0.000946
6.167442	6.060465	1.528763	0.000770
6.167442	6.158140	1.577440	0.000710
6.167442	6.255814	1.787521	0.000499
6.167442	6.353488	1.839601	0.000457
6.167442	6.451163	2.112884	0.000289

6.265116	2.348837	13.672721	0.000000
6.265116	2.446512	7.856544	0.000000
6.265116	2.544186	3.727641	0.000019
6.265116	2.641860	1.228109	0.001276
6.265116	2.739535	0.543419	0.004023
6.265116	2.837209	0.297464	0.006078
6.265116	2.934884	0.262910	0.006441
6.265116	3.032558	0.434753	0.004828
6.265116	3.130233	0.722083	0.002981
6.265116	3.227907	0.979113	0.001937
6.265116	3.325581	1.340728	0.001056
6.265116	3.423256	1.703968	0.000574
6.265116	3.520930	2.100493	0.000295
6.265116	3.618605	2.416194	0.000174
6.265116	3.716279	2.732086	0.000102
6.265116	3.813953	3.099687	0.000055
6.265116	3.911628	3.402479	0.000033
6.265116	4.009302	3.687342	0.000021
6.265116	4.106977	3.840570	0.000016
6.265116	4.204651	3.832768	0.000016
6.265116	4.302326	3.834336	0.000016
6.265116	4.400000	3.970396	0.000013
6.265116	4.497674	3.859110	0.000015
6.265116	4.595349	3.649651	0.000022
6.265116	4.693023	3.420123	0.000032
6.265116	4.790698	3.230845	0.000044
6.265116	4.888372	2.811044	0.000090
6.265116	4.986047	2.492612	0.000153
6.265116	5.083721	2.046186	0.000323
6.265116	5.181395	1.726512	0.000553
6.265116	5.279070	1.716429	0.000562
6.265116	5.376744	1.579132	0.000708
6.265116	5.474419	1.313979	0.001105
6.265116	5.572093	1.196796	0.001345
6.265116	5.669767	1.122073	0.001524
6.265116	5.767442	1.111876	0.001550
6.265116	5.865116	1.185422	0.001371
6.265116	5.962791	1.185773	0.001370
6.265116	6.060465	1.330600	0.001074
6.265116	6.158140	1.441198	0.000892
6.265116	6.255814	1.650626	0.000628
6.265116	6.353488	1.797745	0.000491
6.265116	6.451163	1.936237	0.000389

6.362791	2.348837	13.664858	0.000000
6.362791	2.446512	7.699254	0.000000
6.362791	2.544186	3.653724	0.000022
6.362791	2.641860	1.132646	0.001497
6.362791	2.739535	0.353225	0.005535
6.362791	2.837209	0.220854	0.006911
6.362791	2.934884	0.249484	0.006587
6.362791	3.032558	0.366833	0.005410
6.362791	3.130233	0.574937	0.003816
6.362791	3.227907	1.001488	0.001866
6.362791	3.325581	1.322980	0.001088
6.362791	3.423256	1.744608	0.000536
6.362791	3.520930	2.089248	0.000301
6.362791	3.618605	2.606195	0.000126
6.362791	3.716279	2.676376	0.000112
6.362791	3.813953	2.989803	0.000066
6.362791	3.911628	3.328131	0.000038
6.362791	4.009302	3.580697	0.000025
6.362791	4.106977	3.653740	0.000022
6.362791	4.204651	3.643809	0.000022
6.362791	4.302326	3.764266	0.000018
6.362791	4.400000	3.760659	0.000018
6.362791	4.497674	3.679129	0.000021
6.362791	4.595349	3.443350	0.000031
6.362791	4.693023	3.159893	0.000050
6.362791	4.790698	2.992775	0.000066
6.362791	4.888372	2.703939	0.000107
6.362791	4.986047	2.313734	0.000207
6.362791	5.083721	1.945394	0.000383
6.362791	5.181395	1.692833	0.000585
6.362791	5.279070	1.563740	0.000727
6.362791	5.376744	1.374872	0.000997
6.362791	5.474419	1.172885	0.001400
6.362791	5.572093	1.047954	0.001726
6.362791	5.669767	0.954110	0.002020
6.362791	5.767442	0.870435	0.002325
6.362791	5.865116	1.083109	0.001627
6.362791	5.962791	1.051474	0.001716
6.362791	6.060465	1.144794	0.001467
6.362791	6.158140	1.325448	0.001084
6.362791	6.255814	1.333651	0.001069
6.362791	6.353488	1.507159	0.000799
6.362791	6.451163	1.731914	0.000548

6.460465	2.348837	13.665616	0.000000
6.460465	2.446512	7.632950	0.000000
6.460465	2.544186	3.569900	0.000025
6.460465	2.641860	1.065636	0.001676
6.460465	2.739535	0.420537	0.004944
6.460465	2.837209	0.130788	0.008038
6.460465	2.934884	0.196464	0.007200
6.460465	3.032558	0.312558	0.005926
6.460465	3.130233	0.540397	0.004044
6.460465	3.227907	0.890438	0.002248
6.460465	3.325581	1.271036	0.001187
6.460465	3.423256	1.651157	0.000627
6.460465	3.520930	1.955740	0.000376
6.460465	3.618605	2.440745	0.000167
6.460465	3.716279	2.664611	0.000115
6.460465	3.813953	2.895514	0.000078
6.460465	3.911628	3.228044	0.000045
6.460465	4.009302	3.445356	0.000031
6.460465	4.106977	3.501337	0.000028
6.460465	4.204651	3.527167	0.000027
6.460465	4.302326	3.622443	0.000023
6.460465	4.400000	3.648150	0.000022
6.460465	4.497674	3.541890	0.000026
6.460465	4.595349	3.312418	0.000039
6.460465	4.693023	3.061251	0.000059
6.460465	4.790698	2.818820	0.000089
6.460465	4.888372	2.549134	0.000139
6.460465	4.986047	2.259939	0.000226
6.460465	5.083721	1.757745	0.000525
6.460465	5.181395	1.613784	0.000668
6.460465	5.279070	1.471897	0.000848
6.460465	5.376744	1.264350	0.001201
6.460465	5.474419	1.019701	0.001810
6.460465	5.572093	0.965528	0.001982
6.460465	5.669767	0.842184	0.002437
6.460465	5.767442	0.856791	0.002378
6.460465	5.865116	0.971773	0.001961
6.460465	5.962791	0.921920	0.002132
6.460465	6.060465	0.909897	0.002176
6.460465	6.158140	1.137814	0.001484
6.460465	6.255814	1.177475	0.001389
6.460465	6.353488	1.416491	0.000930
6.460465	6.451163	1.670789	0.000607

6.558140	2.348837	13.459038	0.000000
6.558140	2.446512	7.634444	0.000000
6.558140	2.544186	3.586871	0.000024
6.558140	2.641860	1.065864	0.001675
6.558140	2.739535	0.320788	0.005845
6.558140	2.837209	0.033038	0.009471
6.558140	2.934884	0.154163	0.007729
6.558140	3.032558	0.295385	0.006099
6.558140	3.130233	0.512148	0.004240
6.558140	3.227907	0.861364	0.002360
6.558140	3.325581	1.238973	0.001253
6.558140	3.423256	1.626679	0.000654
6.558140	3.520930	1.956479	0.000376
6.558140	3.618605	2.355257	0.000193
6.558140	3.716279	2.609688	0.000126
6.558140	3.813953	2.880773	0.000080
6.558140	3.911628	3.170895	0.000049
6.558140	4.009302	3.336529	0.000037
6.558140	4.106977	3.391809	0.000034
6.558140	4.204651	3.444019	0.000031
6.558140	4.302326	3.503348	0.000028
6.558140	4.400000	3.498555	0.000028
6.558140	4.497674	3.407272	0.000033
6.558140	4.595349	3.180845	0.000048
6.558140	4.693023	2.943462	0.000072
6.558140	4.790698	2.727943	0.000103
6.558140	4.888372	2.232504	0.000237
6.558140	4.986047	2.034511	0.000330
6.558140	5.083721	1.726473	0.000553
6.558140	5.181395	1.592392	0.000692
6.558140	5.279070	1.348099	0.001043
6.558140	5.376744	1.155910	0.001440
6.558140	5.474419	0.850537	0.002404
6.558140	5.572093	0.886551	0.002263
6.558140	5.669767	0.848896	0.002410
6.558140	5.767442	0.827528	0.002498
6.558140	5.865116	0.842799	0.002435
6.558140	5.962791	0.812392	0.002562
6.558140	6.060465	0.866520	0.002340
6.558140	6.158140	0.954872	0.002018
6.558140	6.255814	0.941556	0.002063
6.558140	6.353488	1.230854	0.001270
6.558140	6.451163	1.471781	0.000848

6.655814	2.348837	13.303227	0.000000
6.655814	2.446512	7.582296	0.000000
6.655814	2.544186	3.582002	0.000025
6.655814	2.641860	1.166899	0.001414
6.655814	2.739535	0.424420	0.004912
6.655814	2.837209	0.108816	0.008340
6.655814	2.934884	0.166248	0.007574
6.655814	3.032558	0.259763	0.006475
6.655814	3.130233	0.548849	0.003987
6.655814	3.227907	0.806526	0.002588
6.655814	3.325581	1.101170	0.001579
6.655814	3.423256	1.459331	0.000866
6.655814	3.520930	1.901727	0.000412
6.655814	3.618605	2.195150	0.000252
6.655814	3.716279	2.597107	0.000128
6.655814	3.813953	2.847792	0.000084
6.655814	3.911628	3.105733	0.000055
6.655814	4.009302	3.305877	0.000039
6.655814	4.106977	3.358198	0.000036
6.655814	4.204651	3.387020	0.000034
6.655814	4.302326	3.387784	0.000034
6.655814	4.400000	3.337885	0.000037
6.655814	4.497674	3.282865	0.000041
6.655814	4.595349	3.149359	0.000051
6.655814	4.693023	2.862195	0.000082
6.655814	4.790698	2.636788	0.000120
6.655814	4.888372	2.190392	0.000254
6.655814	4.986047	1.860973	0.000441
6.655814	5.083721	1.635836	0.000644
6.655814	5.181395	1.467079	0.000854
6.655814	5.279070	1.279898	0.001170
6.655814	5.376744	1.063818	0.001681
6.655814	5.474419	0.936217	0.002082
6.655814	5.572093	0.716900	0.003007
6.655814	5.669767	0.547334	0.003997
6.655814	5.767442	0.653620	0.003344
6.655814	5.865116	0.660941	0.003303
6.655814	5.962791	0.754839	0.002822
6.655814	6.060465	0.873077	0.002314
6.655814	6.158140	0.783149	0.002691
6.655814	6.255814	1.000737	0.001868
6.655814	6.353488	1.224885	0.001283
6.655814	6.451163	1.388443	0.000975

6.753488	2.348837	13.519632	0.000000
6.753488	2.446512	7.611926	0.000000
6.753488	2.544186	3.590180	0.000024
6.753488	2.641860	1.243851	0.001243
6.753488	2.739535	0.490160	0.004399
6.753488	2.837209	0.125218	0.008114
6.753488	2.934884	0.227470	0.006835
6.753488	3.032558	0.436526	0.004813
6.753488	3.130233	0.615211	0.003567
6.753488	3.227907	0.886001	0.002265
6.753488	3.325581	1.065423	0.001676
6.753488	3.423256	1.512549	0.000792
6.753488	3.520930	1.914754	0.000403
6.753488	3.618605	2.251382	0.000229
6.753488	3.716279	2.627748	0.000122
6.753488	3.813953	2.833655	0.000086
6.753488	3.911628	3.107963	0.000054
6.753488	4.009302	3.388262	0.000034
6.753488	4.106977	3.445031	0.000031
6.753488	4.204651	3.338655	0.000037
6.753488	4.302326	3.430885	0.000032
6.753488	4.400000	3.284302	0.000041
6.753488	4.497674	3.165047	0.000050
6.753488	4.595349	3.102512	0.000055
6.753488	4.693023	2.855101	0.000083
6.753488	4.790698	2.610370	0.000126
6.753488	4.888372	2.219568	0.000242
6.753488	4.986047	1.822416	0.000471
6.753488	5.083721	1.592480	0.000692
6.753488	5.181395	1.447768	0.000883
6.753488	5.279070	1.245655	0.001239
6.753488	5.376744	0.976738	0.001945
6.753488	5.474419	0.787700	0.002671
6.753488	5.572093	0.642310	0.003408
6.753488	5.669767	0.501397	0.004317
6.753488	5.767442	0.526640	0.004138
6.753488	5.865116	0.566490	0.003871
6.753488	5.962791	0.618085	0.003550
6.753488	6.060465	0.837321	0.002457
6.753488	6.158140	0.762427	0.002786
6.753488	6.255814	0.931996	0.002097
6.753488	6.353488	1.139854	0.001479
6.753488	6.451163	1.471289	0.000848

6.851163	2.348837	13.507146	0.000000
6.851163	2.446512	7.688081	0.000000
6.851163	2.544186	3.604753	0.000024
6.851163	2.641860	1.245827	0.001238
6.851163	2.739535	0.382644	0.005269
6.851163	2.837209	0.309808	0.005953
6.851163	2.934884	0.259833	0.006474
6.851163	3.032558	0.584852	0.003753
6.851163	3.130233	0.703270	0.003077
6.851163	3.227907	0.897780	0.002220
6.851163	3.325581	1.199441	0.001339
6.851163	3.423256	1.525484	0.000775
6.851163	3.520930	1.929089	0.000394
6.851163	3.618605	2.199115	0.000250
6.851163	3.716279	2.717846	0.000105
6.851163	3.813953	2.874453	0.000081
6.851163	3.911628	3.079723	0.000057
6.851163	4.009302	3.327483	0.000038
6.851163	4.106977	3.382593	0.000034
6.851163	4.204651	3.309134	0.000039
6.851163	4.302326	3.378224	0.000035
6.851163	4.400000	3.276337	0.000041
6.851163	4.497674	3.160664	0.000050
6.851163	4.595349	3.052070	0.000060
6.851163	4.693023	2.833383	0.000086
6.851163	4.790698	2.517344	0.000147
6.851163	4.888372	2.308828	0.000208
6.851163	4.986047	1.990583	0.000355
6.851163	5.083721	1.692898	0.000585
6.851163	5.181395	1.408189	0.000943
6.851163	5.279070	1.119492	0.001531
6.851163	5.376744	0.955901	0.002014
6.851163	5.474419	0.677169	0.003215
6.851163	5.572093	0.596810	0.003679
6.851163	5.669767	0.555003	0.003946
6.851163	5.767442	0.500330	0.004325
6.851163	5.865116	0.568310	0.003859
6.851163	5.962791	0.635139	0.003450
6.851163	6.060465	0.681541	0.003191
6.851163	6.158140	0.805912	0.002590
6.851163	6.255814	0.856562	0.002379
6.851163	6.353488	1.110379	0.001554
6.851163	6.451163	1.421606	0.000922

